 0.20697727 0.01455431 0.30008408
 0.02282318 0.0104252  0.03186815
 0.00129474 0.01767294 0.02234537
 0.00913844 0.02956219 0.03856946
 0.00499378 0.03205333 0.01633998
 0.00377134 0.02132924 0.03180212
 0.00306819 0.01495823 0.02890276
 0.00300192 0.01555059 0.01870048
 0.00225522 0.00472984 0.01086419
 0.00508058 0.00852157 0.0104301
 0.00445858 0.00236022 0.01395822
 0.00607359 0.00784044 0.04255138
 0.00471095 0.00476012 0.00873901
 0.00512803 0.01150096 0.02007875
 0.00626031 0.0275117  0.01654132
 0.00302472 0.00814661 0.006322
 0.00128901 0.00960105 0.02488009
 0.00135989 0.00282219 0.01920226
 0.00282252 0.01002033 0.02307199
 0.01147568 0.00902255 0.02086999
 0.00572806 0.01952201 0.01925569
 0.00294502 0.03315515 0.01658389
 0.01448824 0.00702548 0.01246628
 0.0032749  0.0141516  0.0250152
 0.01916968 0.00464316 0.01184628
 0.00089823 0.00506626 0.01896002
 0.00327106 0.00685893 0.02650654
 0.00453916 0.02335042 0.02831841
 0.00171503 0.00959264 0.01271115
 0.02450232 0.00938716 0.03830063 