 1.60988274e-02 1.17550268e-04 2.02224493e-01
 3.21777162e-03 1.03547124e-03 1.56200709e-02
 1.26496771e-04 2.41831956e-04 8.11985952e-04
 7.78561088e-07 2.99673972e-05 1.88721150e-03
 2.07278790e-05 4.00706909e-05 1.86183700e-04
 9.51559842e-05 6.47361131e-04 1.39475428e-03
 4.41295155e-06 1.35826416e-05 1.23571149e-03
 2.27142247e-06 2.20211891e-05 1.89418661e-04
 7.27238218e-05 3.48258584e-05 5.47242288e-05
 3.00499562e-05 2.91653742e-06 2.52217925e-05
 1.06766361e-07 2.27833119e-04 9.82051816e-04
 3.92428650e-07 1.19943921e-04 4.06838478e-04
 4.36963662e-05 1.00278296e-04 8.13526457e-05
 1.79216407e-06 1.07151371e-04 3.38989786e-03
 2.99444503e-04 7.89601537e-05 1.96586709e-04
 5.19937685e-05 1.53741340e-05 3.97889254e-04
 6.26681227e-05 4.68041847e-05 5.06334862e-04
 1.98177182e-05 3.44427680e-05 9.05624791e-05
 4.48021014e-05 5.80213179e-04 3.17641692e-03
 6.05947485e-06 8.49969483e-06 1.53275860e-05
 4.86361560e-04 1.39486768e-03 8.93941280e-04
 6.62976483e-05 3.29157993e-04 8.22200226e-05
 2.46737917e-04 4.37028293e-04 1.89948925e-04
 2.04471374e-04 1.33811744e-04 8.85883147e-04
 7.27719778e-05 7.70083152e-05 1.90608139e-03
 3.04263048e-05 7.49469023e-05 1.58287702e-03
 3.55192353e-05 4.21534957e-04 4.95874782e-04
 4.09944115e-05 8.04921434e-04 2.06998430e-04
 6.96148546e-05 7.46974191e-04 1.85892149e-03
 2.70440654e-04 2.09227056e-03 2.59611344e-02 