 4.70457919e-01 6.44794725e-03 1.06967806e-01
 9.85922086e-04 3.63257307e-04 2.84197351e-03
 2.89517533e-05 3.00818251e-04 6.57972394e-04
 5.37919869e-05 1.54798151e-05 4.74958576e-04
 2.29419959e-04 5.01355180e-05 5.32650958e-04
 2.88690446e-05 2.62715068e-04 2.17496787e-04
 1.23983659e-05 4.81186171e-05 5.42432782e-04
 2.78759724e-07 2.75628071e-05 4.79525864e-04
 2.27421672e-05 1.97399268e-05 9.31258320e-04
 1.52973602e-05 1.74133488e-05 1.36643764e-04
 2.76509821e-06 1.69163521e-05 3.88538737e-03
 1.62355501e-06 8.31510533e-05 1.24024033e-04
 9.07889287e-05 7.23927681e-06 1.99239899e-05
 1.28573451e-05 1.36662305e-05 5.73102286e-04
 2.63414839e-04 1.99190550e-04 1.16390954e-03
 5.01783308e-06 5.48119283e-05 1.76620328e-04
 7.99739382e-07 1.02992891e-04 9.62858887e-04
 3.33980688e-06 1.96318673e-05 5.71473272e-04
 6.01329074e-06 3.12498276e-06 6.85952617e-04
 8.18594501e-05 6.48035875e-05 3.02317669e-04
 6.03695699e-05 1.14243744e-05 7.95011817e-04
 1.83949797e-05 1.79848293e-04 7.99320161e-04
 4.29560182e-05 3.17575999e-05 1.67192548e-04
 6.49430631e-05 3.39606947e-04 3.40204294e-04
 6.63519305e-05 4.06281456e-05 9.54728306e-04
 4.79810554e-06 2.13825882e-04 2.40120122e-03
 2.89717358e-05 2.66673519e-05 4.61143984e-04
 4.58854825e-05 2.18485455e-04 1.36269763e-04
 1.41193840e-05 2.87336394e-05 1.64275277e-03
 1.48745691e-04 5.32459037e-04 8.60946764e-03