 1.13557105e-01 1.38209727e-03 8.04709851e-02
 1.09626199e-04 1.16175081e-03 3.51459363e-03
 2.88412556e-04 2.90437922e-04 7.67960937e-04
 1.74974234e-04 9.53603164e-04 5.83975204e-04
 6.42535999e-05 1.32231208e-05 2.39147504e-03
 2.49662695e-05 1.02677823e-03 2.67684054e-03
 6.65094697e-06 2.04396010e-04 8.48960802e-04
 2.20511109e-05 1.96829073e-05 2.51225560e-05
 3.00936041e-06 2.05829200e-04 6.38596199e-06
 2.33323466e-04 2.67919537e-05 3.39143270e-04
 4.74184061e-05 4.22549840e-04 1.78079010e-04
 7.22465646e-06 1.08066827e-04 3.96166646e-03
 5.16223211e-05 8.09288302e-05 1.26146070e-03
 8.20468592e-06 1.20038810e-04 3.10316576e-04
 3.30303834e-05 1.68839458e-04 1.95139896e-03
 2.31876814e-06 6.16066505e-05 1.34008761e-03
 4.54031433e-05 8.87031061e-05 1.16982777e-03
 2.03026699e-05 1.04446385e-05 7.87250975e-04
 1.57299747e-05 2.27269670e-04 4.97449823e-03
 1.42222271e-05 6.87357372e-04 6.37479123e-04
 2.22204221e-04 2.95767288e-04 7.43764610e-04
 1.98256076e-06 1.39627182e-04 4.10569175e-05
 9.05833858e-05 1.36626993e-04 5.17973255e-04
 1.39584077e-04 7.80821032e-04 6.72930432e-04
 2.28124529e-05 9.16472523e-05 5.71488528e-04
 6.38926092e-05 5.62740576e-05 1.49978090e-04
 1.05471640e-04 3.39206192e-06 1.41132858e-03
 2.01365709e-04 2.16670926e-03 3.00826662e-03
 1.10218979e-04 1.09579018e-04 5.69003244e-03
 1.91141405e-04 2.53687752e-04 1.26011070e-02 