 0.28724929 0.03150653 0.22245757
 0.00588179 0.01609532 0.01661834
 0.00294926 0.00809068 0.02719125
 0.00354927 0.02906752 0.03396324
 0.00501873 0.01999673 0.03567745
 0.00123228 0.01187855 0.04436413
 0.00448723 0.00963263 0.02791823
 0.00038746 0.00656193 0.01410188
 0.00051886 0.00397183 0.01018961
 0.01112545 0.0055584  0.01799973
 0.00210696 0.00838352 0.02228238
 0.00142631 0.01095855 0.05968436
 0.00423868 0.01203829 0.01911639
 0.00096578 0.00963135 0.02251232
 0.00197628 0.01273962 0.01954592
 0.00087438 0.0125488  0.01206091
 0.00074758 0.005353   0.03810545
 0.00105029 0.00194965 0.02215607
 0.00251844 0.00703043 0.03064323
 0.00493611 0.02082697 0.02306472
 0.00379386 0.01037158 0.0246608
 0.0008043  0.01398607 0.01264743
 0.00741377 0.00479886 0.01059987
 0.00129328 0.01586175 0.03050407
 0.00377656 0.00657278 0.01495772
 0.00169635 0.00769845 0.01605008
 0.0072531  0.00391409 0.02570237
 0.0075645  0.03725389 0.04375225
 0.00785284 0.00825491 0.02324561
 0.02525588 0.01383495 0.04113506 