3250.00000000000 1.394773E-004
3250.49388887988 1.397707E-004
3250.65344097568 1.398660E-004
3250.96902031517 1.400552E-004
3251.27951537624 1.402423E-004
3251.58506799973 1.404273E-004
3251.88569069574 1.406103E-004
3252.18140099868 1.407912E-004
3252.47222120566 1.409700E-004
3252.75817820719 1.411466E-004
3253.03930329759 1.413210E-004
3253.31563196818 1.414932E-004
3253.58720368579 1.416633E-004
3253.85406165961 1.418311E-004
3254.11625259907 1.422634E-004
3254.37382646526 1.428100E-004
3254.62683621859 1.433594E-004
3254.87533756492 1.439117E-004
3255.11938870232 1.444665E-004
3255.35905007051 1.450239E-004
3255.59438410463 1.455837E-004
3255.82545499495 1.461459E-004
3256.05232845383 1.467103E-004
3256.27507149106 1.472768E-004
3256.49375219844 1.478454E-004
3256.70843954447 1.484159E-004
3256.91920317951 1.489883E-004
3257.12611325196 1.495624E-004
3257.32924023557 1.501382E-004
3257.52865476814 1.507187E-004
3257.72442750142 1.513074E-004
3257.91662896222 1.518976E-004
3258.10532942443 1.524892E-004
3258.29059879186 1.530823E-004
3258.47250649126 1.536766E-004
3258.65112137541 1.542722E-004
3258.82651163574 1.548689E-004
3258.99874472400 1.554668E-004
3259.16788728253 1.560656E-004
3259.33400508275 1.566654E-004
3259.49716297119 1.572661E-004
3259.65742482271 1.578675E-004
3259.81485350044 1.584698E-004
3259.96951082180 1.590726E-004
3260.12145753042 1.596824E-004
3260.27075327321 1.602976E-004
3260.41745658239 1.609134E-004
3260.56162486195 1.615297E-004
3260.70331437819 1.621466E-004
3260.84258025396 1.627640E-004
3260.97947646627 1.633817E-004
3261.11405584695 1.639998E-004
3261.24637008599 1.646181E-004
3261.37646973738 1.652367E-004
3261.50440422713 1.658555E-004
3261.63022186316 1.664744E-004
3261.75396984701 1.670934E-004
3261.87569428693 1.677124E-004
3261.99544021237 1.683402E-004
3262.11325158956 1.689714E-004
3262.22917133802 1.696027E-004
3262.34324134799 1.702340E-004
3262.45550249843 1.708652E-004
3262.56599467564 1.714962E-004
3262.67475679233 1.721271E-004
3262.78182680703 1.727577E-004
3262.88724174374 1.733881E-004
3262.99103771177 1.740181E-004
3263.09324992569 1.746478E-004
3263.19391272528 1.752771E-004
3263.29305959552 1.759058E-004
3263.39072318645 1.765418E-004
3263.48693533290 1.771831E-004
3263.58172707415 1.778239E-004
3263.67512867325 1.784643E-004
3263.76716963626 1.791041E-004
3263.85787873114 1.797433E-004
3263.94728400636 1.803819E-004
3264.03541280932 1.810198E-004
3264.12229180428 1.816569E-004
3264.20794699014 1.822933E-004
3264.29240371780 1.829289E-004
3264.37568670711 1.835636E-004
3264.45782006361 1.841974E-004
3264.53882729481 1.848449E-004
3264.61873132609 1.854916E-004
3264.69755451636 1.861374E-004
3264.77531867320 1.867822E-004
3264.85204506773 1.874261E-004
3264.92775444913 1.880689E-004
3265.00246705872 1.887106E-004
3265.07620264375 1.893512E-004
3265.14898047080 1.901743E-004
3265.22081933888 1.910047E-004
3265.29173759210 1.918374E-004
3265.36175313210 1.926725E-004
3265.43088343008 1.935098E-004
3265.49914553850 1.943494E-004
3265.56655610253 1.951911E-004
3265.63313137110 1.960351E-004
3265.69888720769 1.968812E-004
3265.76383910080 1.977294E-004
3265.82800217417 1.985797E-004
3265.89139119661 1.994320E-004
3265.95402059169 2.002864E-004
3266.01590444704 2.011426E-004
3266.07705652342 2.020009E-004
3266.13749026358 2.028609E-004
3266.19721880076 2.037229E-004
3266.25625496706 2.045866E-004
3266.31461130151 2.054521E-004
3266.37230005788 2.063194E-004
3266.42933321233 2.071883E-004
3266.48572247079 2.080589E-004
3266.54147927614 2.089310E-004
3266.59661481522 2.098047E-004
3266.65114002553 2.106800E-004
3266.70506560189 2.115567E-004
3266.75840200275 2.124348E-004
3266.81115945645 2.133143E-004
3266.86334796718 2.141952E-004
3266.91497732089 2.150773E-004
3266.96605709091 2.159607E-004
3267.01659664350 2.168453E-004
3267.06660514318 2.177310E-004
3267.11609155795 2.186178E-004
3267.16506466431 2.195057E-004
3267.21353305219 2.203945E-004
3267.26150512970 2.212844E-004
3267.30898912776 2.221751E-004
3267.35599310458 2.230667E-004
3267.40252495005 2.239590E-004
3267.44859238997 2.248521E-004
3267.49420299015 2.257459E-004
3267.53936416045 2.266404E-004
3267.58408315862 2.275354E-004
3267.62836709414 2.284310E-004
3267.67222293183 2.293270E-004
3267.71565749548 2.302234E-004
3267.75867747126 2.311203E-004
3267.80128941114 2.320174E-004
3267.84349973613 2.329148E-004
3267.88531473949 2.338123E-004
3267.92674058983 2.347100E-004
3267.96778333409 2.356078E-004
3268.00844890051 2.365056E-004
3268.04874310145 2.374033E-004
3268.08867163615 2.383009E-004
3268.12824009346 2.391984E-004
3268.16745395442 2.401029E-004
3268.20631859486 2.410086E-004
3268.24483928780 2.419141E-004
3268.28302120592 2.428195E-004
3268.32086942393 2.437246E-004
3268.35838892075 2.446293E-004
3268.39558458185 2.455337E-004
3268.43246120133 2.464377E-004
3268.46902348407 2.473411E-004
3268.50527604775 2.482440E-004
3268.54122342487 2.491462E-004
3268.57687006465 2.500478E-004
3268.61222033498 2.509485E-004
3268.64727852419 2.518484E-004
3268.68204884293 2.527474E-004
3268.71653542581 2.536454E-004
3268.75074233319 2.545423E-004
3268.78467355279 2.554381E-004
3268.81833300131 2.563328E-004
3268.85172452600 2.572262E-004
3268.88485190621 2.581182E-004
3268.91771885486 2.590089E-004
3268.95032901990 2.598980E-004
3268.98268598572 2.607951E-004
3269.01479327455 2.616943E-004
3269.04665434778 2.625920E-004
3269.07827260730 2.634882E-004
3269.10965139675 2.643828E-004
3269.14079400279 2.652757E-004
3269.17170365631 2.661669E-004
3269.20238353361 2.670562E-004
3269.23283675754 2.679437E-004
3269.26306639868 2.688292E-004
3269.29307547637 2.697126E-004
3269.32286695985 2.705939E-004
3269.35244376926 2.714730E-004
3269.38180877667 2.723498E-004
3269.41096480710 2.732242E-004
3269.43991463947 2.740962E-004
3269.46866100754 2.749657E-004
3269.49720660087 2.758326E-004
3269.52555406569 2.767077E-004
3269.55370600580 2.775858E-004
3269.58166498343 2.784613E-004
3269.60943352006 2.793342E-004
3269.63701409729 2.802043E-004
3269.66440915759 2.810716E-004
3269.69162110510 2.819360E-004
3269.71865230640 2.827974E-004
3269.74550509127 2.836557E-004
3269.77218175337 2.845109E-004
3269.79868455102 2.853628E-004
3269.82501570784 2.862114E-004
3269.85117741345 2.870567E-004
3269.87717182415 2.878984E-004
3269.90300106354 2.887366E-004
3269.92866722318 2.895717E-004
3269.95417236318 2.904220E-004
3269.97951851284 2.912687E-004
3270.00470767124 2.921117E-004
3270.02974180776 2.929510E-004
3270.05462286273 2.937865E-004
3270.07935274794 2.946181E-004
3270.10393334717 2.954458E-004
3270.12836651675 2.962693E-004
3270.15265408604 2.970887E-004
3270.17679785799 2.979039E-004
3270.20079960956 2.987147E-004
3270.22466109229 2.995211E-004
3270.24838403270 3.003231E-004
3270.27197013279 3.011205E-004
3270.29542107049 3.019331E-004
3270.31873850009 3.027433E-004
3270.34192405269 3.035489E-004
3270.36497933662 3.043499E-004
3270.38790593784 3.051461E-004
3270.41070542036 3.059375E-004
3270.43337932666 3.067240E-004
3270.45592917802 3.075054E-004
3270.47835647496 3.082818E-004
3270.50066269758 3.090530E-004
3270.52284930596 3.098189E-004
3270.54491774045 3.105795E-004
3270.56686942211 3.113346E-004
3270.58870575296 3.121036E-004
3270.61042811641 3.128722E-004
3270.63203787750 3.136353E-004
3270.65353638330 3.143928E-004
3270.67492496381 3.151448E-004
3270.71735124469 3.166306E-004
3270.75930861692 3.180914E-004
3270.80085468216 3.195283E-004
3270.84199903589 3.209517E-004
3270.88275113403 3.223916E-004
3270.92312019700 3.238065E-004
3270.96311521790 3.251957E-004
3271.00274497006 3.265585E-004
3271.04201801433 3.278944E-004
3271.08094270616 3.292199E-004
3271.11952720228 3.305567E-004
3271.15777946724 3.318654E-004
3271.19570727967 3.331455E-004
3271.23331823826 3.343964E-004
3271.27061976760 3.356175E-004
3271.30761912374 3.368452E-004
3271.34432339958 3.380650E-004
3271.38073953005 3.392541E-004
3271.41687429709 3.404118E-004
3271.45273433451 3.415375E-004
3271.48832613260 3.426376E-004
3271.52365604264 3.437606E-004
3271.55873028118 3.448507E-004
3271.59355493426 3.459075E-004
3271.62813596144 3.469305E-004
3271.66247919964 3.479192E-004
3271.69659036696 3.489206E-004
3271.73047506626 3.499046E-004
3271.76413878870 3.508535E-004
3271.79758691712 3.517670E-004
3271.83082472932 3.526444E-004
3271.86385740122 3.535165E-004
3271.89669000995 3.543880E-004
3271.92932753680 3.552230E-004
3271.96177487007 3.560209E-004
3271.99403680790 3.567814E-004
3272.02611806093 3.575234E-004
3272.05802325492 3.582770E-004
3272.08975693324 3.589927E-004
3272.12132355938 3.596702E-004
3272.15272751926 3.603092E-004
3272.18397312359 3.609203E-004
3272.21506461004 3.615516E-004
3272.24600614545 3.621440E-004
3272.27680182792 3.626973E-004
3272.30745568884 3.632112E-004
3272.33797169486 3.636910E-004
3272.36835374986 3.641967E-004
3272.39860569676 3.646629E-004
3272.42873131937 3.650893E-004
3272.45873434416 3.654758E-004
3272.48861844196 3.658240E-004
3272.51838722962 3.662021E-004
3272.54804427168 3.665402E-004
3272.57759308203 3.668382E-004
3272.63637920950 3.673140E-004
3272.69481467894 3.677722E-004
3272.75289357987 3.680713E-004
3272.81064149549 3.682781E-004
3272.86808343294 3.684014E-004
3272.92524382258 3.683659E-004
3272.98214655547 3.683075E-004
3273.03881501936 3.681003E-004
3273.09527213315 3.677944E-004
3273.20767822357 3.668912E-004
3273.31989120391 3.656362E-004
3273.43176234158 3.639839E-004
3273.54345487821 3.619447E-004
3273.65513064005 3.595352E-004
3273.76694888937 3.568492E-004
3273.87906710642 3.538155E-004
3273.99164177224 3.504478E-004
3274.10482914738 3.468116E-004
3274.21878605488 3.429263E-004
3274.33367067575 3.387532E-004
3274.44964336544 3.343601E-004
3274.56686749976 3.297749E-004
3274.68551035883 3.249479E-004
3274.80574405859 3.199983E-004
3274.92774653921 3.164632E-004
3275.05170262134 3.154151E-004
3275.17780514164 3.141666E-004
3275.30625618063 3.127313E-004
3275.43726839795 3.111308E-004
3275.57106649256 3.094494E-004
3275.70788880922 3.076264E-004
3275.84798911804 3.056759E-004
3275.99163860168 3.036952E-004
3276.13912809661 3.016380E-004
3276.29077065301 2.995034E-004
3276.44690450567 2.974176E-004
3276.60789659162 2.952893E-004
3276.77414681843 2.931998E-004
3276.94609339483 2.911672E-004
3277.12421970622 2.891815E-004
3277.30906348920 2.873421E-004
3277.50122949348 2.855747E-004
3277.70140751254 2.840353E-004
3277.91039877755 2.826232E-004
3278.12915550124 2.814653E-004
3278.35884126883 2.805062E-004
3278.60092475126 2.797809E-004
3278.85732718702 2.792905E-004
3279.13065760906 2.791819E-004
3279.42459298963 2.794320E-004
3279.74449926816 2.790333E-004
3280.09844497220 2.774570E-004
3280.49878406263 2.751779E-004
3280.96416181734 2.712792E-004
3281.51987543867 2.654810E-004
3282.18994909578 2.575227E-004
3282.98030009823 2.444574E-004
3283.88015957812 2.290969E-004
3284.88674675218 2.155050E-004
3286.01669806836 2.039041E-004
3287.30156615615 1.935617E-004
3288.78360378369 1.843886E-004
3290.51466260075 1.811969E-004
3292.55567162610 1.789149E-004
3294.97436249908 1.768320E-004
3297.83587555925 1.750852E-004
3301.13798892386 1.781674E-004
3304.45794398678 1.835021E-004
3307.21106906711 1.899626E-004
3309.29643690540 1.967177E-004
3310.76485099493 2.029024E-004
3311.83334288396 2.084187E-004
3312.65180633394 2.153922E-004
3313.30521136043 2.227382E-004
3313.84342266912 2.296422E-004
3314.29754601188 2.361865E-004
3314.68807923708 2.423621E-004
3315.02915409432 2.481807E-004
3315.33087937756 2.536504E-004
3315.60070928673 2.588584E-004
3315.84428190911 2.637374E-004
3316.06595452483 2.682948E-004
3316.26915751183 2.726261E-004
3316.45663545071 2.766473E-004
3316.63061570280 2.804052E-004
3316.79292897920 2.839332E-004
3316.94509730899 2.871728E-004
3317.08839936604 2.902281E-004
3317.22391975359 2.930288E-004
3317.35258671838 2.956073E-004
3317.47520138461 2.980051E-004
3317.59246068293 3.001547E-004
3317.70497553027 3.021695E-004
3317.81328539004 3.039652E-004
3317.91787004446 3.055830E-004
3318.01915919874 3.070539E-004
3318.11754038455 3.083118E-004
3318.21336551951 3.094707E-004
3318.30695639722 3.104404E-004
3318.39860932171 3.112573E-004
3318.48859905436 3.119579E-004
3318.57718220642 3.124698E-004
3318.66460018403 3.128941E-004
3318.75108177210 3.131580E-004
3318.83684542750 3.132706E-004
3318.92210134012 3.132952E-004
3319.00705331058 3.131425E-004
3319.09190048612 3.128916E-004
3319.17683899048 3.125053E-004
3319.26206347927 3.119505E-004
3319.34776864899 3.113291E-004
3319.52046401914 3.096165E-004
3319.69603642179 3.073832E-004
3319.87704008644 3.046400E-004
3320.06524074202 3.013063E-004
3320.26260273003 2.973473E-004
3320.47134479249 2.927177E-004
3320.69402441055 2.874198E-004
3320.93364670330 2.813241E-004
3321.19381441938 2.763529E-004
3321.47895011810 2.776564E-004
3321.79464925678 2.778304E-004
3322.14826981152 2.763548E-004
3322.54993677374 2.728148E-004
3323.01425003768 2.667336E-004
3323.56317273621 2.579607E-004
3324.23096316732 2.465036E-004
3325.07282762301 2.329531E-004
3326.18019064544 2.183309E-004
3327.70250927007 2.052753E-004
3329.82882779301 1.974966E-004
3332.53762730132 1.926927E-004
3335.40551671217 1.911483E-004
3338.03434078567 1.917104E-004
3340.30618913375 1.933272E-004
3342.25274863949 1.954857E-004
3343.93049945792 2.002986E-004
3345.38947387567 2.054138E-004
3346.66961480965 2.111075E-004
3347.80222235296 2.170977E-004
3348.81188866884 2.231937E-004
3349.71810430399 2.293671E-004
3350.53647596482 2.356363E-004
3351.27963058204 2.420152E-004
3351.95788628994 2.485140E-004
3352.57975385478 2.551401E-004
3353.15231492715 2.618976E-004
3353.68151030212 2.687880E-004
3354.17236179919 2.758098E-004
3354.62914474492 2.829586E-004
3355.05552330007 2.902270E-004
3355.45465757471 2.976046E-004
3355.82928911854 3.050822E-004
3356.18180968722 3.127081E-004
3356.51431696442 3.204052E-004
3356.82866002810 3.281492E-004
3357.12647669181 3.359745E-004
3357.40922436334 3.438524E-004
3357.67820569571 3.516968E-004
3357.93459002813 3.596150E-004
3358.17943140303 3.674411E-004
3358.41368378237 3.752648E-004
3358.63821396091 3.829437E-004
3358.85381257580 3.905765E-004
3359.06120353530 3.981697E-004
3359.26105212841 4.076778E-004
3359.45397202944 4.169730E-004
3359.64053137277 4.261142E-004
3359.82125804236 4.350232E-004
3359.99664429577 4.436074E-004
3360.16715082208 4.518635E-004
3360.33321031681 4.597835E-004
3360.49523064355 4.672476E-004
3360.65359764079 4.742134E-004
3360.80867762362 4.806381E-004
3360.96081962227 4.864801E-004
3361.11035739334 4.917417E-004
3361.25761123445 4.963468E-004
3361.40288962874 5.002489E-004
3361.54649074204 5.034174E-004
3361.68870379294 5.058264E-004
3361.82981031321 5.074549E-004
3361.97008531436 5.082878E-004
3362.10979837455 5.083160E-004
3362.24921465886 5.075370E-004
3362.38859588505 5.059546E-004
3362.52820124627 5.035790E-004
3362.66828830204 5.004270E-004
3362.80911384847 4.979145E-004
3362.95093477901 4.968448E-004
3363.09400894723 4.950477E-004
3363.23859604398 4.925502E-004
3363.38495850178 4.899492E-004
3363.53336244099 4.870465E-004
3363.68407867317 4.835233E-004
3363.83738377965 4.794180E-004
3363.99356128514 4.747704E-004
3364.15290294955 4.696213E-004
3364.31571020480 4.640403E-004
3364.48229576809 4.581099E-004
3364.65298546873 4.518070E-004
3364.82812033322 4.451684E-004
3365.00805898216 4.382843E-004
3365.19318040430 4.312199E-004
3365.38388718788 4.239254E-004
3365.58060930827 4.165227E-004
3365.78380859535 4.090168E-004
3365.99398403601 4.014065E-004
3366.21167810820 3.938038E-004
3366.43748439808 3.861370E-004
3366.67205682371 3.785224E-004
3366.91612088529 3.709160E-004
3367.17048749078 3.633464E-004
3367.43607007846 3.558843E-004
3367.71390598808 3.484593E-004
3368.00518333610 3.411275E-004
3368.31127503708 3.339290E-004
3368.63378207222 3.268106E-004
3368.97458854831 3.197839E-004
3369.33593121397 3.128565E-004
3369.72048499921 3.060708E-004
3370.13146126707 2.993844E-004
3370.57269975633 2.927912E-004
3371.04868949795 2.862910E-004
3371.56432887416 2.798883E-004
3372.12392344220 2.749943E-004
3372.72833084792 2.714423E-004
3373.36902472559 2.690244E-004
3374.02171876886 2.670376E-004
3374.65035251616 2.654716E-004
3375.22441995630 2.643388E-004
3375.73143419481 2.635930E-004
3376.17402834479 2.630916E-004
3376.56111982864 2.627587E-004
3376.90225098152 2.625384E-004
3377.20561598666 2.650895E-004
3377.47778108501 2.694508E-004
3377.72391148120 2.736271E-004
3377.94807418548 2.776015E-004
3378.15349896890 2.813795E-004
3378.34277958835 2.849658E-004
3378.51802360985 2.883841E-004
3378.68096311091 2.916649E-004
3378.83303679154 2.947695E-004
3378.97545141938 2.977014E-004
3379.10922831475 3.004694E-004
3379.23523892667 3.031400E-004
3379.35423237453 3.056510E-004
3379.46685700720 3.080064E-004
3379.57367745721 3.102146E-004
3379.67518826487 3.123476E-004
3379.77182486279 3.143384E-004
3379.86397250867 3.161913E-004
3379.95197360752 3.179149E-004
3380.03613375875 3.195827E-004
3380.11672678446 3.211263E-004
3380.19399893787 3.225504E-004
3380.26817244653 3.238596E-004
3380.33944851247 3.251287E-004
3380.40800986552 3.262968E-004
3380.47402294741 3.273633E-004
3380.53763978827 3.283326E-004
3380.59899962612 3.292520E-004
3380.65823031001 3.301116E-004
3380.71544952043 3.308864E-004
3380.77076583466 3.315805E-004
3380.82427965980 3.321979E-004
3380.87608405261 3.328049E-004
3380.92626544207 3.333466E-004
3380.97490426801 3.338219E-004
3381.02207554710 3.342347E-004
3381.06784937574 3.345881E-004
3381.11229137808 3.349366E-004
3381.15546310591 3.352414E-004
3381.19742239656 3.354954E-004
3381.23822369387 3.357016E-004
3381.27791833649 3.358627E-004
3381.31655481758 3.359895E-004
3381.35417901894 3.361225E-004
3381.39083442270 3.362170E-004
3381.42656230284 3.362754E-004
3381.46140189897 3.362997E-004
3381.49539057405 3.362922E-004
3381.52856395801 3.362548E-004
3381.56095607852 3.362215E-004
3381.59259948031 3.361764E-004
3381.62352533433 3.361057E-004
3381.65376353758 3.360109E-004
3381.68334280463 3.358937E-004
3381.71229075167 3.357553E-004
3381.74063397377 3.355971E-004
3381.76839811603 3.354276E-004
3381.79560793915 3.352736E-004
3381.82228738006 3.351025E-004
3381.87459757986 3.347089E-004
3381.92590642368 3.342483E-004
3381.97541147502 3.337345E-004
3382.02325034431 3.332249E-004
3382.06958565288 3.326888E-004
3382.15953309183 3.314815E-004
3382.24720474822 3.301416E-004
3382.33096922682 3.287517E-004
3382.41184598854 3.272436E-004
3382.49092447157 3.256689E-004
3382.56923802049 3.243100E-004
3382.64777680930 3.244791E-004
3382.72750760500 3.244846E-004
3382.80939477444 3.243963E-004
3382.89442295042 3.241672E-004
3382.98362216427 3.237395E-004
3383.07809660588 3.232115E-004
3383.17905870406 3.224333E-004
3383.28787099097 3.214388E-004
3383.40609934469 3.201676E-004
3383.53558291441 3.185599E-004
3383.67852871033 3.165836E-004
3383.83764316534 3.141429E-004
3384.01632019067 3.111638E-004
3384.21891769670 3.075796E-004
3384.45117686862 3.032195E-004
3384.72088029538 2.980716E-004
3385.03892751433 2.919320E-004
3385.42117947318 2.846769E-004
3385.89181407518 2.762715E-004
3386.48990265292 2.705899E-004
3387.28361294371 2.665313E-004
3388.40521755478 2.612704E-004
3390.15550772555 2.548281E-004
3393.42012984305 2.477928E-004
3396.55702767500 2.451805E-004
3399.01016201307 2.448442E-004
3402.33861316348 2.456195E-004
3406.54349136947 2.481151E-004
3411.36197860901 2.527854E-004
3416.37761063250 2.595433E-004
3421.30155519606 2.678013E-004
3426.06186572947 2.775087E-004
3430.55237600886 2.884917E-004
3434.69067575428 3.006112E-004
3438.41603336800 3.137093E-004
3441.69672379853 3.276027E-004
3444.53463462665 3.419483E-004
3446.96104103613 3.566025E-004
3449.02537670515 3.712683E-004
3450.78317107611 3.858753E-004
3452.28759896637 4.016894E-004
3453.58539748058 4.219433E-004
3454.71586337902 4.429199E-004
3455.71143449659 4.647874E-004
3456.59884715818 4.908838E-004
3457.40031515857 5.215129E-004
3458.13436567148 5.556765E-004
3458.81581068779 5.938123E-004
3459.45385001551 6.357144E-004
3460.04829370492 6.799174E-004
3460.59213448600 7.236944E-004
3461.08462849812 7.649854E-004
3461.52709824214 8.025008E-004
3461.91825829768 8.356915E-004
3462.26296512398 8.650099E-004
3462.57111836421 8.914320E-004
3462.85222845052 9.158542E-004
3463.11345341345 9.389161E-004
3463.35979952288 9.610294E-004
3463.59473129224 9.824395E-004
3463.82067435601 1.003378E-003
3464.03936269558 1.023809E-003
3464.25206990751 1.043638E-003
3464.45976356880 1.062766E-003
3464.66320952309 1.081049E-003
3464.86304321211 1.098302E-003
3465.05981893688 1.114311E-003
3465.25404410709 1.128837E-003
3465.44620318526 1.141626E-003
3465.63677455293 1.152415E-003
3465.82624256362 1.160944E-003
3466.01510640192 1.167143E-003
3466.20388692318 1.170669E-003
3466.39313233976 1.171277E-003
3466.58342340582 1.168803E-003
3466.77537861072 1.163259E-003
3466.96965980444 1.154610E-003
3467.16697863788 1.142675E-003
3467.36810420166 1.127496E-003
3467.57387228707 1.109300E-003
3467.78519677644 1.088212E-003
3468.00308380456 1.064303E-003
3468.22864953302 1.037814E-003
3468.46314267099 1.009016E-003
3468.70797329795 9.782051E-004
3468.96475016184 9.456840E-004
3469.23532954443 9.117546E-004
3469.52188017997 8.767070E-004
3469.82697088090 8.408108E-004
3470.15369099287 8.124886E-004
3470.50581952717 7.957577E-004
3470.88806862873 7.780692E-004
3471.30644457463 7.595539E-004
3471.76880245112 7.403766E-004
3472.28573646165 7.206825E-004
3472.87208910762 7.005546E-004
3473.54969532344 6.800566E-004
3474.35286078663 6.592110E-004
3475.34082933859 6.379817E-004
3476.63238162845 6.163952E-004
3478.54079573854 5.938763E-004
3482.25025440218 5.712279E-004
3484.26212499646 5.666687E-004
3487.09256951995 5.664236E-004
3489.28317646813 5.701476E-004
3491.04462887532 5.752245E-004
3492.55664646134 5.809771E-004
3493.89931371309 5.870704E-004
3495.11605988944 5.933662E-004
3496.23363327750 5.997884E-004
3497.26999586403 6.062900E-004
3498.23797977850 6.128405E-004
3499.14718622643 6.194195E-004
3500.00505976495 6.260123E-004
3500.81753770151 6.326089E-004
3501.58946399778 6.392021E-004
3502.32486475710 6.457867E-004
3503.02713833340 6.523590E-004
3503.69919060438 6.589164E-004
3504.34353379251 6.654783E-004
3504.96236032450 6.720474E-004
3505.55759914927 6.785995E-004
3506.13095944475 6.851344E-004
3506.68396507244 6.916524E-004
3507.21798212053 6.981539E-004
3507.73424119918 7.046393E-004
3508.23385569237 7.111095E-004
3508.71783685242 7.175651E-004
3509.18710639908 7.240071E-004
3509.64250712413 7.304365E-004
3510.08481188585 7.368542E-004
3510.51473129121 7.432612E-004
3510.93292029948 7.496585E-004
3511.33998393210 7.560778E-004
3511.73648223666 7.625175E-004
3512.12293462417 7.689522E-004
3512.49982367610 7.753831E-004
3512.86759850070 7.818112E-004
3513.22667770358 7.882375E-004
3513.57745202682 7.946631E-004
3513.92028670173 8.010888E-004
3514.25552355313 8.075157E-004
3514.58348288725 8.139446E-004
3514.90446519023 8.203764E-004
3515.21875266046 8.268120E-004
3515.52661059452 8.332787E-004
3515.82828864366 8.397986E-004
3516.12402195565 8.463267E-004
3516.41403221454 8.528637E-004
3516.69852858952 8.594104E-004
3516.97770860252 8.659674E-004
3517.25175892287 8.725352E-004
3517.52085609662 8.791145E-004
3517.78516721689 8.857058E-004
3518.04485054105 8.923095E-004
3518.30005605991 8.989260E-004
3518.55092602332 9.056341E-004
3518.79759542631 9.123717E-004
3519.04019245930 9.191258E-004
3519.27883892556 9.258966E-004
3519.51365062891 9.326843E-004
3519.74473773406 9.394890E-004
3519.97220510211 9.463108E-004
3520.19615260307 9.531497E-004
3520.41667540742 9.600055E-004
3520.63386425849 9.669600E-004
3520.84780572688 9.739646E-004
3521.05858244872 9.809889E-004
3521.26627334869 9.883462E-004
3521.47095384917 9.958676E-004
3521.67269606646 1.003435E-003
3521.87156899504 1.011048E-003
3522.06763868078 1.018709E-003
3522.26096838384 1.026417E-003
3522.45161873202 1.034194E-003
3522.63964786526 1.042099E-003
3522.82511157177 1.050056E-003
3523.00806341655 1.058065E-003
3523.18855486263 1.066127E-003
3523.36663538562 1.074241E-003
3523.54235258196 1.082407E-003
3523.71575227128 1.090627E-003
3523.88687859329 1.098899E-003
3524.05577409940 1.107223E-003
3524.22247983957 1.115676E-003
3524.38703544459 1.124231E-003
3524.54947920406 1.132842E-003
3524.70984814031 1.143174E-003
3524.86817807856 1.155378E-003
3525.02450371350 1.167756E-003
3525.17885867244 1.180359E-003
3525.33127557532 1.193140E-003
3525.48178609171 1.206102E-003
3525.63042099488 1.219248E-003
3525.77721021329 1.232578E-003
3525.92218287943 1.246096E-003
3526.06536737629 1.259802E-003
3526.20679138148 1.273698E-003
3526.34648190927 1.287785E-003
3526.48446535042 1.302065E-003
3526.62076751020 1.316538E-003
3526.75541364442 1.331205E-003
3526.88842849373 1.346066E-003
3527.01983631625 1.361122E-003
3527.14966091857 1.376395E-003
3527.27792568520 1.391966E-003
3527.40465360660 1.407738E-003
3527.52986730579 1.423709E-003
3527.65358906367 1.439878E-003
3527.77584084303 1.456245E-003
3527.89664431137 1.472805E-003
3528.01602086265 1.489558E-003
3528.13399163779 1.506499E-003
3528.25057754431 1.523629E-003
3528.36579927480 1.541133E-003
3528.47967732459 1.558825E-003
3528.59223200843 1.576699E-003
3528.70348347631 1.594750E-003
3528.81345172855 1.612971E-003
3528.92215662996 1.631356E-003
3529.02961792340 1.649916E-003
3529.13585524256 1.668872E-003
3529.24088812407 1.687980E-003
3529.34473601903 1.707230E-003
3529.44741830383 1.726612E-003
3529.54895429051 1.746113E-003
3529.64936323650 1.765845E-003
3529.74866435389 1.785892E-003
3529.84687681819 1.806035E-003
3529.94401977660 1.826258E-003
3530.04011235598 1.846547E-003
3530.13517367023 1.867071E-003
3530.22922282740 1.887851E-003
3530.32227893647 1.908660E-003
3530.41436111367 1.929475E-003
3530.50548848865 1.950337E-003
3530.59568021020 1.971580E-003
3530.68495545180 1.992781E-003
3530.77333341693 2.013915E-003
3530.86083334407 2.035069E-003
3530.94747451156 2.056537E-003
3531.03327624223 2.077877E-003
3531.11825790788 2.099058E-003
3531.20243893361 2.120420E-003
3531.28583880193 2.141811E-003
3531.36847705686 2.162965E-003
3531.45037330786 2.184035E-003
3531.53154723363 2.205293E-003
3531.61201858592 2.226229E-003
3531.69180719316 2.246913E-003
3531.77093296416 2.267828E-003
3531.84941589165 2.288322E-003
3531.92727605590 2.308511E-003
3532.00453362822 2.328841E-003
3532.08120887453 2.348644E-003
3532.15732215890 2.368209E-003
3532.23289394713 2.387688E-003
3532.30794481036 2.406522E-003
3532.38249542867 2.425317E-003
3532.45656659480 2.443653E-003
3532.53017921790 2.461356E-003
3532.60335432735 2.479083E-003
3532.67611307668 2.495967E-003
3532.74847674758 2.512624E-003
3532.82046675402 2.528708E-003
3532.89210464649 2.546747E-003
3532.96341211640 2.565324E-003
3533.03441100063 2.583880E-003
3533.10512328620 2.601656E-003
3533.17557111521 2.618553E-003
3533.24577678994 2.635420E-003
3533.31576277816 2.651331E-003
3533.38555171873 2.666426E-003
3533.45516642747 2.681255E-003
3533.52462990329 2.695019E-003
3533.59396533472 2.708137E-003
3533.66319610670 2.720657E-003
3533.73234580784 2.732015E-003
3533.80143823810 2.742991E-003
3533.87049741686 2.752962E-003
3533.93954759156 2.761871E-003
3534.00861324688 2.770380E-003
3534.07771911437 2.777604E-003
3534.14689018291 2.784145E-003
3534.21615170963 2.789809E-003
3534.28552923164 2.794157E-003
3534.35504857847 2.798218E-003
3534.49431165334 2.802757E-003
3534.63439845521 2.803557E-003
3534.77574843369 2.800946E-003
3534.91859246981 2.794452E-003
3535.06317001477 2.784109E-003
3535.20972945344 2.770080E-003
3535.35852897455 2.752997E-003
3535.50983752877 2.732351E-003
3535.66393588255 2.708273E-003
3535.82111777912 2.681681E-003
3535.98169122444 2.652178E-003
3536.14597992600 2.619993E-003
3536.31432492760 2.607088E-003
3536.48708650501 2.625906E-003
3536.66464641828 2.643051E-003
3536.84741066065 2.659203E-003
3537.03581290559 2.674204E-003
3537.23031894200 2.688371E-003
3537.43143251384 2.702049E-003
3537.63970316319 2.715612E-003
3537.85573694047 2.729466E-003
3538.08021122885 2.744248E-003
3538.31389547900 2.760427E-003
3538.55768040771 2.778351E-003
3538.81261916702 2.798597E-003
3539.07998486144 2.821796E-003
3539.36134834625 2.848726E-003
3539.65867393266 2.880852E-003
3539.97440266201 2.918437E-003
3540.31139048540 2.962948E-003
3540.67223613385 3.015507E-003
3541.05672089414 3.076848E-003
3541.45598250911 3.144841E-003
3541.84968412081 3.214287E-003
3542.21781499627 3.278766E-003
3542.55087029380 3.333924E-003
3542.84953815045 3.378169E-003
3543.12017507407 3.411592E-003
3543.36979390759 3.434680E-003
3543.60409084701 3.447799E-003
3543.82734888279 3.451373E-003
3544.04278078290 3.501714E-003
3544.25285562715 3.595302E-003
3544.45953753284 3.678466E-003
3544.66445012056 3.751739E-003
3544.86898923881 3.814487E-003
3545.07440135723 3.866694E-003
3545.28183934192 3.908475E-003
3545.49240320386 3.939244E-003
3545.70717070526 3.960147E-003
3545.92722096911 3.970128E-003
3546.15365310976 3.971339E-003
3546.62081425516 3.947283E-003
3547.12140260089 3.895652E-003
3547.67428107700 3.823677E-003
3548.29132981502 3.740130E-003
3548.98574344874 3.648808E-003
3549.77098519018 3.542892E-003
3550.65751061650 3.396404E-003
3551.64151027036 3.183691E-003
3552.69103306842 3.011444E-003
3553.75752171315 3.194400E-003
3554.79818782348 3.404540E-003
3555.78181230370 3.639197E-003
3556.68925943868 4.006029E-003
3557.51355335896 4.412896E-003
3558.25801444313 4.852939E-003
3558.93216042522 5.322040E-003
3559.54657881705 5.817816E-003
3560.10965497371 6.337384E-003
3560.62727346428 6.876748E-003
3561.10392221161 7.433379E-003
3561.54359031900 7.999441E-003
3561.95009168796 8.571263E-003
3562.32707052058 9.140441E-003
3562.67792980962 9.703405E-003
3563.00577826974 1.025162E-002
3563.31341044730 1.077842E-002
3563.60331074441 1.127776E-002
3563.87767041298 1.174398E-002
3564.13840999579 1.217261E-002
3564.38720293685 1.255971E-002
3564.62549823164 1.290166E-002
3564.85454124607 1.319663E-002
3565.07539252440 1.344396E-002
3565.28894476498 1.364411E-002
3565.49593830990 1.379848E-002
3565.69697555039 1.391072E-002
3565.89253463870 1.398503E-002
3566.27151274168 1.402944E-002
3566.65058514375 1.396046E-002
3567.01529231477 1.381070E-002
3567.36273091451 1.361278E-002
3567.69071561055 1.339538E-002
3567.99752201973 1.317794E-002
3568.28236227644 1.297262E-002
3568.54566427299 1.278339E-002
3568.78905075692 1.261590E-002
3569.01509706727 1.246395E-002
3569.22700145925 1.232627E-002
3569.42827888153 1.220157E-002
3569.62253635280 1.208564E-002
3569.81334394856 1.197534E-002
3570.00419151549 1.186802E-002
3570.19851386480 1.176096E-002
3570.39977046112 1.165111E-002
3570.61157624927 1.153464E-002
3570.83789854521 1.140870E-002
3571.08336720715 1.126575E-002
3571.35381262796 1.109653E-002
3571.65731400326 1.088502E-002
3572.00654272310 1.060438E-002
3572.42508354426 1.020498E-002
3572.97073889656 9.603657E-003
3573.88520021644 9.663164E-003
3575.16486785590 1.063215E-002
3575.90971587896 1.089277E-002
3576.56757122098 1.081907E-002
3577.18282102365 1.050516E-002
3577.75464690089 1.006817E-002
3578.28105273449 9.610425E-003
3578.74502143975 9.203083E-003
3579.15146493352 8.924776E-003
3579.53988793576 8.788009E-003
3579.94220488585 8.901769E-003
3580.37517333818 8.917295E-003
3580.84940826047 8.818491E-003
3581.37248906755 8.597982E-003
3581.95081106945 8.424106E-003
3582.59401333958 8.388255E-003
3583.32585734446 8.816779E-003
3584.20213805990 9.724176E-003
3585.05714711740 1.045826E-002
3586.02354695184 1.121873E-002
3586.58606265875 1.167972E-002
3587.12761929586 1.215141E-002
3587.58742054866 1.256898E-002
3587.99456524606 1.294070E-002
3588.36948811167 1.327048E-002
3588.72328640220 1.355014E-002
3589.06302238719 1.377577E-002
3589.39386724781 1.393265E-002
3589.72014974834 1.400928E-002
3590.04595237350 1.399411E-002
3590.37553417593 1.387569E-002
3590.71371482813 1.364283E-002
3591.06628345618 1.356239E-002
3591.44038434250 1.382526E-002
3591.84445673677 1.396762E-002
3592.28622677928 1.399128E-002
3592.76627936477 1.425021E-002
3593.27118848401 1.427622E-002
3593.78132855069 1.416466E-002
3594.28717297104 1.406315E-002
3595.29691526409 1.344183E-002
3596.36316132049 1.257289E-002
3597.49627749809 1.173707E-002
3598.63037374390 1.110926E-002
3599.65567222838 1.071835E-002
3600.53019313080 1.047354E-002
3601.28188857832 1.027246E-002
3601.95148259476 1.003564E-002
3602.57209151946 9.703166E-003
3603.17037270944 9.227468E-003
3603.77038237561 8.572520E-003
3604.39712395778 7.722225E-003
3605.07960898097 6.693984E-003
3605.85156037323 6.123274E-003
3606.74101648144 6.097378E-003
3607.73687201970 6.145156E-003
3608.77805204314 6.284773E-003
3609.83793596265 6.585894E-003
3611.00361013735 7.110600E-003
3612.28992941707 7.830606E-003
3613.34544260562 8.460276E-003
3614.14290486328 8.908571E-003
3614.81955809076 9.204499E-003
3615.43331132860 9.335468E-003
3616.01504373612 9.283654E-003
3616.58578392619 9.037588E-003
3617.16213057215 8.615987E-003
3617.75848970557 8.059715E-003
3618.38938541118 7.430290E-003
3619.07498338933 6.780909E-003
3619.85453410837 6.127522E-003
3620.82718951845 5.430708E-003
3622.49030122550 4.813410E-003
3624.75639236629 4.366366E-003
3625.88324373037 4.308477E-003
3626.90015144259 4.172945E-003
3627.97654185112 4.002622E-003
3629.25470167716 3.721709E-003
3631.33706177494 3.991232E-003
3632.70680205467 3.797987E-003
3633.51202568264 3.582703E-003
3634.14813118412 3.368943E-003
3634.67720921697 3.176888E-003
3635.11691311266 3.158757E-003
3635.48118374948 3.166209E-003
3635.78988924236 3.165466E-003
3636.06691549005 3.159307E-003
3636.33458910237 3.150239E-003
3636.61090018945 3.137782E-003
3636.91039507274 3.138409E-003
3637.24577320216 3.186523E-003
3637.62840047392 3.237937E-003
3638.06770145854 3.288751E-003
3638.57031201202 3.326550E-003
3639.14084482179 3.329697E-003
3639.78569329278 3.267809E-003
3640.51675183263 3.114023E-003
3641.34287775306 2.866931E-003
3642.23450324706 2.768282E-003
3643.10435363665 2.663053E-003
3643.88385134852 2.721050E-003
3644.57667293407 2.803795E-003
3645.21581383562 2.830601E-003
3645.83212214530 2.803193E-003
3646.45188313185 2.720224E-003
3647.10077587846 2.583797E-003
3647.80851391316 2.420819E-003
3648.61672554437 2.261045E-003
3649.60329023552 2.154432E-003
3650.93795622639 2.035800E-003
3652.35213976880 1.993855E-003
3653.39818396081 1.982275E-003
3654.23801338204 1.961035E-003
3654.97212354885 1.943660E-003
3655.62759619287 1.935206E-003
3656.22134356786 1.936819E-003
3656.76923642185 1.947878E-003
3657.28610568228 1.967523E-003
3657.78539398542 1.995204E-003
3658.27914985478 2.030845E-003
3658.77771242297 2.074945E-003
3659.28830669467 2.128922E-003
3659.81230360576 2.193147E-003
3660.34323397977 2.267977E-003
3660.86976966523 2.350951E-003
3661.38293115106 2.438183E-003
3661.88034045225 2.524343E-003
3662.36503427632 2.604120E-003
3662.84258598433 2.670952E-003
3663.31918053816 2.718267E-003
3663.80089635411 2.738408E-003
3664.29394120037 2.723800E-003
3664.80570579521 2.666883E-003
3665.34645872033 2.562947E-003
3665.93143793793 2.410981E-003
3666.58313282277 2.219731E-003
3667.33288813585 2.061001E-003
3668.21634819014 2.072099E-003
3669.24407800226 2.070151E-003
3670.34997250483 2.056377E-003
3671.44721531600 2.000268E-003
3672.58916376684 1.938416E-003
3673.72910125513 1.896703E-003
3675.35840333315 1.784591E-003
3676.30071756266 1.763771E-003
3677.30192773251 1.690298E-003
3678.53238512311 1.589119E-003
3680.27056111711 1.506274E-003
3682.03445375887 1.541041E-003
3683.36250254300 1.653374E-003
3684.27687201687 1.758747E-003
3684.97997184074 1.836625E-003
3685.58097736153 1.883734E-003
3686.13028619420 1.898856E-003
3686.65607428634 1.880874E-003
3687.17625056546 1.831793E-003
3687.70175510585 1.754833E-003
3688.23558354459 1.670893E-003
3688.77071007944 1.702073E-003
3689.29253109958 1.736048E-003
3689.78754394418 1.773161E-003
3690.25012473179 1.812077E-003
3690.68196350807 1.849750E-003
3691.08824372366 1.883979E-003
3691.47483819682 1.913252E-003
3691.84705870238 1.987966E-003
3692.20922506170 2.066617E-003
3692.56452669458 2.138560E-003
3692.91497226217 2.203480E-003
3693.26140931203 2.261630E-003
3693.60367833546 2.312184E-003
3693.94095439991 2.354540E-003
3694.27223227166 2.387748E-003
3694.59680358102 2.410639E-003
3694.91456588043 2.422019E-003
3695.22610690979 2.420862E-003
3695.53262261803 2.406461E-003
3696.13687478578 2.337177E-003
3696.76694013601 2.210951E-003
3697.43406743401 2.034117E-003
3698.16916057579 1.815529E-003
3699.00888401264 1.579541E-003
3699.96335425912 1.437154E-003
3700.95046654240 1.319721E-003
3701.87186263292 1.329362E-003
3702.71268173291 1.356081E-003
3703.49243847693 1.397237E-003
3704.22642104523 1.446588E-003
3704.92356467019 1.494283E-003
3705.59539047797 1.528783E-003
3706.26162698165 1.539521E-003
3706.95038747948 1.518540E-003
3707.69848990784 1.461562E-003
3708.55240559932 1.369527E-003
3709.56310559348 1.248665E-003
3710.79146147259 1.106420E-003
3712.80521752083 1.067549E-003
3715.92107324814 1.182537E-003
3716.97145325821 1.181615E-003
3717.97855626258 1.132262E-003
3719.07399308285 1.038262E-003
3720.19584387735 9.400439E-004
3721.40678654005 9.136409E-004
3722.70889448987 9.756477E-004
3723.56156119476 9.913242E-004
3724.31643973065 9.786432E-004
3725.03008107875 9.431083E-004
3725.72048034791 9.716443E-004
3726.39198755516 1.051494E-003
3727.05195834411 1.113676E-003
3727.71556755708 1.150951E-003
3728.40512387327 1.157892E-003
3729.14724345739 1.132537E-003
3729.96242014983 1.077978E-003
3730.83542921844 1.005361E-003
3731.69807408339 9.307419E-004
3732.48603962781 8.633316E-004
3733.18662376204 8.045955E-004
3733.81753065496 8.409041E-004
3734.40082939332 8.668934E-004
3734.95479194981 8.799778E-004
3735.49337034501 8.801379E-004
3736.02764946990 8.693668E-004
3736.56865923740 8.500715E-004
3737.13394748318 8.246808E-004
3737.77113074363 7.939009E-004
3738.83197984082 7.461448E-004
3739.84703528826 7.097787E-004
3740.37449231179 6.947222E-004
3740.75743394611 6.984810E-004
3741.08605172744 7.111419E-004
3741.38287044606 7.279041E-004
3741.65933513545 7.498857E-004
3741.92270956771 7.708841E-004
3742.17820457712 7.911915E-004
3742.42986622665 8.109608E-004
3742.68102227841 8.302141E-004
3742.93454491361 8.488283E-004
3743.19303103367 8.665080E-004
3743.45894697442 8.829993E-004
3743.73476285887 8.974830E-004
3744.02309167857 9.092260E-004
3744.32684124706 9.170626E-004
3744.64937854028 9.346494E-004
3744.99469025611 9.813159E-004
3745.36749270523 1.032270E-003
3745.77318986712 1.088246E-003
3746.21751143322 1.149666E-003
3746.70568029035 1.216090E-003
3747.24133446182 1.286196E-003
3747.82635735751 1.356490E-003
3748.46327713980 1.419629E-003
3749.15990729758 1.465409E-003
3749.93270622522 1.478028E-003
3750.00000000000 1.477020E-003
