3250.00000000000 1.396656E-004
3250.49488393563 1.401700E-004
3250.66957705499 1.403523E-004
3251.01533152740 1.407196E-004
3251.35594132278 1.410905E-004
3251.69149759263 1.414650E-004
3252.02198398381 1.418495E-004
3252.34738998304 1.422377E-004
3252.66771083144 1.426294E-004
3252.98294747801 1.430245E-004
3253.29310649799 1.434230E-004
3253.59819997843 1.438249E-004
3253.89824537331 1.442301E-004
3254.19326533094 1.446385E-004
3254.48328749669 1.450502E-004
3254.76834429417 1.454650E-004
3255.04847268794 1.458830E-004
3255.32371393114 1.463040E-004
3255.59411330127 1.467280E-004
3255.85971982696 1.471550E-004
3256.12058600912 1.475902E-004
3256.37676753884 1.482364E-004
3256.62832301503 1.488859E-004
3256.87531366390 1.495386E-004
3257.11780306251 1.501944E-004
3257.35585686834 1.508532E-004
3257.58954255639 1.515149E-004
3257.81892916527 1.521792E-004
3258.04408705345 1.528462E-004
3258.26508766649 1.535156E-004
3258.48200331608 1.541874E-004
3258.69490697128 1.548615E-004
3258.90387206232 1.555377E-004
3259.10897229722 1.562220E-004
3259.31028149111 1.569120E-004
3259.50787340815 1.576040E-004
3259.70182161602 1.582979E-004
3259.89219935244 1.589935E-004
3260.07907940353 1.596908E-004
3260.26253399341 1.603897E-004
3260.44263468477 1.610900E-004
3260.61945228964 1.617917E-004
3260.79305679007 1.624948E-004
3260.96351726794 1.631990E-004
3261.13090184354 1.639043E-004
3261.29527762221 1.646107E-004
3261.45671064859 1.653180E-004
3261.61526586779 1.660262E-004
3261.77100709321 1.667427E-004
3261.92399698022 1.674640E-004
3262.07429700537 1.681862E-004
3262.22196745068 1.689090E-004
3262.36706739240 1.696325E-004
3262.50965469408 1.703566E-004
3262.64978600329 1.710812E-004
3262.78751675183 1.718063E-004
3262.92290115892 1.725317E-004
3263.05599223715 1.732574E-004
3263.18684180092 1.739833E-004
3263.31550047692 1.747094E-004
3263.44201771658 1.754356E-004
3263.56644181021 1.761618E-004
3263.68881990248 1.768999E-004
3263.80919800922 1.776394E-004
3263.92762103530 1.783788E-004
3264.04413279332 1.791182E-004
3264.15877602314 1.798575E-004
3264.27159241194 1.805966E-004
3264.38262261482 1.813355E-004
3264.49190627575 1.820741E-004
3264.59948204879 1.828124E-004
3264.70538761949 1.835503E-004
3264.80965972641 1.842877E-004
3264.91233418265 1.850246E-004
3265.01344589735 1.857612E-004
3265.11302889707 1.865116E-004
3265.21111634713 1.872615E-004
3265.30774057260 1.880107E-004
3265.40293307923 1.887594E-004
3265.49672457401 1.895074E-004
3265.58914498548 1.902546E-004
3265.68022348378 1.910010E-004
3265.76998850025 1.917466E-004
3265.85846774682 1.924913E-004
3265.94568823491 1.932350E-004
3266.03167629408 1.939777E-004
3266.11645759019 1.947193E-004
3266.20005714320 1.954726E-004
3266.28249934466 1.962282E-004
3266.36380797464 1.969827E-004
3266.44400621841 1.977361E-004
3266.52311668266 1.984883E-004
3266.60116141129 1.992393E-004
3266.67816190088 1.999890E-004
3266.75413911567 2.007374E-004
3266.82911350226 2.014843E-004
3266.90310500385 2.022298E-004
3266.97613307411 2.029738E-004
3267.04821669069 2.037182E-004
3267.11937436838 2.044766E-004
3267.18962417186 2.052335E-004
3267.25898372818 2.059888E-004
3267.32747023875 2.067425E-004
3267.39510049117 2.074946E-004
3267.46189087059 2.082449E-004
3267.52785737078 2.089934E-004
3267.59301560495 2.097401E-004
3267.65738081615 2.104849E-004
3267.72096788747 2.112277E-004
3267.78379135186 2.119685E-004
3267.84586540175 2.127241E-004
3267.90720389830 2.134798E-004
3267.96782038047 2.142335E-004
3268.02772807374 2.149852E-004
3268.08693989866 2.157347E-004
3268.14546847906 2.164821E-004
3268.20332615009 2.172272E-004
3268.26052496599 2.179700E-004
3268.31707670763 2.187104E-004
3268.37299288987 2.194484E-004
3268.42828476863 2.201851E-004
3268.48296334782 2.209916E-004
3268.53703938601 2.218173E-004
3268.59052340297 2.226418E-004
3268.64342568596 2.234652E-004
3268.69575629586 2.242873E-004
3268.74752507310 2.251082E-004
3268.79874164348 2.259277E-004
3268.84941542370 2.267458E-004
3268.89955562687 2.276663E-004
3268.94917126775 2.286532E-004
3268.99827116789 2.296407E-004
3269.04686396061 2.306290E-004
3269.09495809581 2.316179E-004
3269.14256184472 2.326107E-004
3269.18968330439 2.336074E-004
3269.23633040216 2.346048E-004
3269.28251089993 2.356028E-004
3269.32823239838 2.366013E-004
3269.37350234097 2.376004E-004
3269.41832801790 2.385999E-004
3269.46271656998 2.395997E-004
3269.50667499227 2.405999E-004
3269.55021013775 2.416003E-004
3269.59332872082 2.426008E-004
3269.63603732069 2.436015E-004
3269.67834238471 2.446023E-004
3269.72025023160 2.456030E-004
3269.76176705456 2.466037E-004
3269.80289892435 2.476042E-004
3269.84365179219 2.486045E-004
3269.88403149270 2.496045E-004
3269.92404374666 2.506042E-004
3269.96369416374 2.516035E-004
3270.00298824515 2.526022E-004
3270.04193138620 2.536005E-004
3270.08052887882 2.545981E-004
3270.11878591396 2.555950E-004
3270.15670758402 2.565911E-004
3270.19429888509 2.575864E-004
3270.23156471922 2.585843E-004
3270.26850989660 2.595898E-004
3270.30513913767 2.605946E-004
3270.34145707522 2.615985E-004
3270.37746825635 2.626014E-004
3270.41317714447 2.636034E-004
3270.44858812118 2.646042E-004
3270.48370548813 2.656039E-004
3270.51853346883 2.666023E-004
3270.55307621042 2.675994E-004
3270.58733778536 2.685951E-004
3270.62132219309 2.695893E-004
3270.65503336170 2.705820E-004
3270.68847514948 2.715730E-004
3270.72165134645 2.725623E-004
3270.75456567588 2.735499E-004
3270.78722179577 2.745356E-004
3270.81962330024 2.755193E-004
3270.85177372094 2.765010E-004
3270.88367652840 2.774855E-004
3270.91533513336 2.784790E-004
3270.94675288803 2.794705E-004
3270.97793308739 2.804599E-004
3271.00887897036 2.814472E-004
3271.03959372102 2.824321E-004
3271.07008046980 2.834148E-004
3271.10034229455 2.843950E-004
3271.13038222169 2.853728E-004
3271.16020322730 2.863479E-004
3271.18980823813 2.873204E-004
3271.21920013265 2.882901E-004
3271.24838174207 2.892570E-004
3271.27735585128 2.902210E-004
3271.30612519982 2.911819E-004
3271.33469248283 2.921398E-004
3271.36306035192 2.930998E-004
3271.39123141609 2.940706E-004
3271.41920824257 2.950384E-004
3271.44699335770 2.960029E-004
3271.47458924771 2.969642E-004
3271.50199835955 2.979221E-004
3271.52922310168 2.988766E-004
3271.55626584483 2.998275E-004
3271.58312892275 3.007749E-004
3271.60981463294 3.017186E-004
3271.63632523737 3.026584E-004
3271.66266296318 3.035944E-004
3271.68883000336 3.045264E-004
3271.71482851741 3.054544E-004
3271.74066063201 3.063782E-004
3271.76632844165 3.073188E-004
3271.79183400921 3.082565E-004
3271.81717936667 3.091901E-004
3271.84236651557 3.101194E-004
3271.86739742773 3.110443E-004
3271.89227404569 3.119649E-004
3271.91699828337 3.128809E-004
3271.94157202654 3.137924E-004
3271.96599713339 3.146991E-004
3271.99027543503 3.156011E-004
3272.01440873602 3.164982E-004
3272.03839881485 3.173903E-004
3272.06224742440 3.182774E-004
3272.08595629248 3.191779E-004
3272.10952712223 3.200796E-004
3272.13296159262 3.209762E-004
3272.15626135886 3.218676E-004
3272.17942805286 3.227538E-004
3272.20246328365 3.236346E-004
3272.22536863779 3.245101E-004
3272.24814567977 3.253799E-004
3272.27079595244 3.262442E-004
3272.29332097736 3.271028E-004
3272.31572225523 3.279555E-004
3272.33800126621 3.288024E-004
3272.36015947033 3.296533E-004
3272.38219830783 3.305154E-004
3272.40411919950 3.313715E-004
3272.42592354705 3.322216E-004
3272.44761273345 3.330657E-004
3272.46918812320 3.339036E-004
3272.49065106274 3.347352E-004
3272.51200288071 3.355604E-004
3272.53324488891 3.363792E-004
3272.57537905259 3.379962E-004
3272.61704581081 3.396020E-004
3272.65830131421 3.412219E-004
3272.69915502875 3.428147E-004
3272.73961627848 3.443796E-004
3272.77969415460 3.459159E-004
3272.81939752337 3.474231E-004
3272.85873503357 3.489403E-004
3272.89771512370 3.504499E-004
3272.93634602884 3.519291E-004
3272.97463578731 3.533773E-004
3273.01259224702 3.547938E-004
3273.05022307167 3.561898E-004
3273.08753574660 3.576069E-004
3273.12453758451 3.589913E-004
3273.16123573096 3.603423E-004
3273.19763716964 3.616594E-004
3273.23374872746 3.629418E-004
3273.26957707947 3.642487E-004
3273.30512875359 3.655296E-004
3273.34041013514 3.667750E-004
3273.37542747131 3.679842E-004
3273.41018687535 3.691567E-004
3273.44469433070 3.703404E-004
3273.47895569490 3.715098E-004
3273.51297670350 3.726416E-004
3273.54676297365 3.737353E-004
3273.58032000773 3.747905E-004
3273.61365319677 3.758499E-004
3273.64676782377 3.769005E-004
3273.67966906695 3.779117E-004
3273.71236200281 3.788832E-004
3273.74485160918 3.798144E-004
3273.77714276813 3.807485E-004
3273.80924026874 3.816740E-004
3273.84114880990 3.825586E-004
3273.87287300286 3.834020E-004
3273.90441737388 3.842037E-004
3273.93578636661 3.850118E-004
3273.96698434456 3.858068E-004
3273.99801559339 3.865598E-004
3274.02888432318 3.872703E-004
3274.05959467057 3.879381E-004
3274.09015070095 3.886194E-004
3274.12055641044 3.892799E-004
3274.15081572792 3.898973E-004
3274.18093251698 3.904714E-004
3274.21091057775 3.910020E-004
3274.24075364876 3.915563E-004
3274.27046540872 3.920792E-004
3274.30004947818 3.925584E-004
3274.32950942130 3.929938E-004
3274.35884874736 3.933852E-004
3274.38807091246 3.938122E-004
3274.41717932096 3.941958E-004
3274.44617732704 3.945355E-004
3274.47506823623 3.948311E-004
3274.53254450775 3.953823E-004
3274.58967612819 3.958266E-004
3274.64645107688 3.961189E-004
3274.70289334492 3.963729E-004
3274.75902637557 3.964521E-004
3274.81487304818 3.964724E-004
3274.87045571257 3.963652E-004
3274.92579622194 3.961300E-004
3274.98091596443 3.958400E-004
3275.09062502286 3.948834E-004
3275.20008633167 3.934989E-004
3275.30913256533 3.917248E-004
3275.52655027643 3.870845E-004
3275.74628811051 3.808689E-004
3275.96787256548 3.733894E-004
3276.19242405588 3.657325E-004
3276.42110446685 3.588395E-004
3276.65511202294 3.531123E-004
3276.89570503236 3.464883E-004
3277.14422901468 3.391125E-004
3277.40214759804 3.310985E-004
3277.67107811582 3.225351E-004
3277.95283280176 3.135330E-004
3278.24946628591 3.041964E-004
3278.56332956400 2.945712E-004
3278.89712942632 2.847020E-004
3279.25398992652 2.746470E-004
3279.63750798940 2.644645E-004
3280.05178776962 2.549840E-004
3280.50142841446 2.475952E-004
3280.99143557115 2.405894E-004
3281.52706397777 2.341822E-004
3282.11379428874 2.312480E-004
3282.75832447387 2.305318E-004
3283.47346605545 2.312423E-004
3284.29668834924 2.323830E-004
3285.37530839696 2.321487E-004
3287.66225196748 2.144537E-004
3291.13457616309 1.904913E-004
3295.09469650195 1.861978E-004
3300.22633437151 1.826480E-004
3305.50387451097 1.814832E-004
3309.01229411733 1.894642E-004
3311.81944030057 1.991767E-004
3313.66520888640 2.080898E-004
3314.88836280651 2.160047E-004
3315.77366659653 2.252706E-004
3316.45619008198 2.337051E-004
3317.00565366359 2.414234E-004
3317.46204652324 2.485300E-004
3317.85024766487 2.550873E-004
3318.18671322858 2.610790E-004
3318.48285520875 2.666324E-004
3318.74689069455 2.716592E-004
3318.98492064615 2.763102E-004
3319.20159254372 2.804772E-004
3319.40052507172 2.843151E-004
3319.58459013831 2.877142E-004
3319.75610589694 2.908135E-004
3319.91697234189 2.935219E-004
3320.06876875966 2.959503E-004
3320.21282520068 2.980326E-004
3320.35027586750 2.998484E-004
3320.48209967580 3.013569E-004
3320.60915156825 3.026071E-004
3320.73218707014 3.035817E-004
3320.85188185169 3.043015E-004
3320.96884757209 3.047693E-004
3321.08364494406 3.049817E-004
3321.19679472455 3.049579E-004
3321.30878717431 3.046736E-004
3321.42009041553 3.041614E-004
3321.53115803931 3.033795E-004
3321.64243626377 3.023711E-004
3321.75437091453 3.010799E-004
3321.86741448804 2.995569E-004
3321.98203356456 2.977346E-004
3322.09871686071 2.956690E-004
3322.21798425425 2.932855E-004
3322.34039717963 2.906403E-004
3322.46657088683 2.876591E-004
3322.59718918640 2.843898E-004
3322.73302248077 2.807701E-004
3322.87495011825 2.768264E-004
3323.02398841744 2.759011E-004
3323.18132611166 2.759795E-004
3323.34836947001 2.756653E-004
3323.52679997243 2.749158E-004
3323.71864815555 2.737329E-004
3323.92638813238 2.719821E-004
3324.15305847167 2.695890E-004
3324.40241717636 2.664741E-004
3324.67914308210 2.625598E-004
3324.98910698144 2.578132E-004
3325.33976033987 2.521877E-004
3325.74073750919 2.456937E-004
3326.20484788607 2.384124E-004
3326.74975201197 2.305443E-004
3327.40076568673 2.222726E-004
3328.19531924461 2.159521E-004
3329.18874689777 2.108489E-004
3330.45423585211 2.061012E-004
3332.04261429297 2.022852E-004
3333.87433715239 1.998917E-004
3335.74615595155 1.989819E-004
3337.49560129870 1.991678E-004
3339.07041943773 2.000393E-004
3340.47874842445 2.013530E-004
3341.74290603233 2.033993E-004
3342.88450896948 2.060119E-004
3343.92165773176 2.087459E-004
3344.86906587746 2.115723E-004
3345.73869895639 2.144715E-004
3346.54037520620 2.174511E-004
3347.28223855661 2.205127E-004
3347.97111572888 2.236187E-004
3348.61278460630 2.267624E-004
3349.21217759071 2.299746E-004
3349.77353763153 2.332445E-004
3350.30053955629 2.365408E-004
3350.79638564873 2.398724E-004
3351.26388184874 2.432982E-004
3351.70549916888 2.471973E-004
3352.12342368479 2.511748E-004
3352.51959758687 2.552314E-004
3352.89575316206 2.595610E-004
3353.25344112709 2.641786E-004
3353.59405440786 2.688728E-004
3353.91884821677 2.736438E-004
3354.22895709789 2.784914E-004
3354.52540947135 2.834146E-004
3354.80914010228 2.884120E-004
3355.08100083707 2.934814E-004
3355.34176988551 2.986201E-004
3355.59215987625 3.038352E-004
3355.83282487298 3.091326E-004
3356.06436650581 3.144931E-004
3356.28733934676 3.199113E-004
3356.50225563669 3.253811E-004
3356.70958945394 3.308957E-004
3356.90978040059 3.364472E-004
3357.10323687085 3.420530E-004
3357.29033895599 3.477247E-004
3357.47144103258 3.534126E-004
3357.64687407375 3.591056E-004
3357.81694771776 3.647980E-004
3357.98195212324 3.705640E-004
3358.14215963660 3.763046E-004
3358.29782629352 3.820050E-004
3358.44919317374 3.877277E-004
3358.59648762564 3.934300E-004
3358.73992437529 3.990512E-004
3358.87970653250 4.046738E-004
3359.01602650515 4.102308E-004
3359.14906683141 4.156683E-004
3359.27900093864 4.211146E-004
3359.40599383637 4.263988E-004
3359.53020275030 4.316200E-004
3359.65177770301 4.367069E-004
3359.77086204688 4.425452E-004
3359.88759295371 4.488975E-004
3360.00210186544 4.551474E-004
3360.11451490942 4.612388E-004
3360.22495328183 4.671760E-004
3360.33353360199 4.729354E-004
3360.44036824035 4.785109E-004
3360.54556562258 4.838654E-004
3360.64923051178 4.890293E-004
3360.75146427085 4.939058E-004
3360.85236510674 4.986081E-004
3360.95202829812 5.029556E-004
3361.05054640795 5.071284E-004
3361.14800948220 5.109460E-004
3361.24450523587 5.144791E-004
3361.34011922747 5.177241E-004
3361.43493502282 5.205680E-004
3361.52903434911 5.231964E-004
3361.62249724005 5.254169E-004
3361.71540217281 5.272869E-004
3361.80782619749 5.288583E-004
3361.89984505971 5.300006E-004
3361.99153331692 5.308458E-004
3362.08296444900 5.313182E-004
3362.17421096366 5.313570E-004
3362.26534449709 5.311574E-004
3362.35643591033 5.305260E-004
3362.53853269943 5.282462E-004
3362.90467913960 5.195661E-004
3363.65764686880 5.057715E-004
3364.53983898591 4.793601E-004
3365.61689529761 4.394840E-004
3366.98880933389 3.932300E-004
3368.79166144956 3.478203E-004
3371.19821246323 3.085123E-004
3374.33675915038 2.788911E-004
3377.76833029483 2.616345E-004
3380.23595260299 2.554750E-004
3381.75414115160 2.533601E-004
3382.95944220886 2.512615E-004
3384.22151679750 2.477488E-004
3385.92620121568 2.428861E-004
3387.76212305720 2.395413E-004
3390.77885180859 2.370239E-004
3395.43032672877 2.365133E-004
3400.54056041341 2.385039E-004
3405.62930486663 2.422724E-004
3410.63453676832 2.474289E-004
3415.56645371110 2.538345E-004
3420.40626668198 2.614412E-004
3425.03200813880 2.700715E-004
3429.36003049553 2.795656E-004
3433.33659680188 2.897795E-004
3436.93206693752 3.005806E-004
3440.13803658005 3.118489E-004
3442.96485644226 3.234826E-004
3445.43769351237 3.366337E-004
3447.59121313672 3.524659E-004
3449.46416137716 3.688937E-004
3451.09506233651 3.859504E-004
3452.51950969225 4.037679E-004
3453.76888240327 4.223008E-004
3454.87004206558 4.417815E-004
3455.84558212137 4.621609E-004
3456.71432217309 4.836274E-004
3457.49186534727 5.062552E-004
3458.19112624547 5.300598E-004
3458.82279140066 5.550960E-004
3459.39570387089 5.813772E-004
3459.91717871213 6.087782E-004
3460.39326322840 6.370956E-004
3460.82895840822 6.660362E-004
3461.22841677230 6.951318E-004
3461.59512710003 7.238449E-004
3461.93208898524 7.518974E-004
3462.24197225001 7.786024E-004
3462.52725047267 8.038578E-004
3462.79029645577 8.271926E-004
3463.03343175748 8.488562E-004
3463.25893191612 8.686137E-004
3463.46899950830 8.867382E-004
3463.66572290147 9.034054E-004
3463.85103700678 9.187044E-004
3464.02669591464 9.330515E-004
3464.19426030575 9.463536E-004
3464.35509779398 9.591102E-004
3464.51039238151 9.711296E-004
3464.66115916076 9.828780E-004
3464.80826124302 9.941642E-004
3464.95242691730 1.005341E-003
3465.09426590615 1.016295E-003
3465.23428419810 1.027219E-003
3465.37289732077 1.038119E-003
3465.51044213315 1.049016E-003
3465.64718731639 1.060037E-003
3465.78334277172 1.071049E-003
3465.91906812346 1.082266E-003
3466.05448049231 1.093458E-003
3466.18966166316 1.104849E-003
3466.32466473018 1.116202E-003
3466.45952026447 1.127641E-003
3466.59424202025 1.139049E-003
3466.72883217490 1.150305E-003
3466.86328608696 1.161574E-003
3466.99759655382 1.172460E-003
3467.13175755518 1.183155E-003
3467.26576747813 1.193468E-003
3467.39963183208 1.203170E-003
3467.53336547524 1.212332E-003
3467.66699438693 1.220868E-003
3467.80055703016 1.228502E-003
3467.93410535671 1.235137E-003
3468.06770551142 1.240724E-003
3468.20143829399 1.245284E-003
3468.33539943577 1.248533E-003
3468.46969974627 1.250378E-003
3468.60446518032 1.250735E-003
3468.73983687211 1.249527E-003
3468.87597117775 1.246688E-003
3469.01303976382 1.242161E-003
3469.15122977569 1.235977E-003
3469.29074411700 1.228071E-003
3469.43180187032 1.218394E-003
3469.57463888878 1.206949E-003
3469.71950859028 1.193758E-003
3469.86668298886 1.178859E-003
3470.01645400266 1.162301E-003
3470.16913508540 1.144150E-003
3470.32506323749 1.124481E-003
3470.48460146613 1.103482E-003
3470.64814177962 1.081249E-003
3470.81610882319 1.057798E-003
3470.98896429088 1.033235E-003
3471.16721228443 1.007699E-003
3471.35140583764 9.815373E-004
3471.54215488747 9.545996E-004
3471.74013605797 9.270704E-004
3471.94610473723 9.048966E-004
3472.16091008542 8.923951E-004
3472.38551383156 8.791690E-004
3472.62101402782 8.652884E-004
3472.86867537881 8.509997E-004
3473.12996842263 8.362404E-004
3473.40662082858 8.210222E-004
3473.70068559469 8.055305E-004
3474.01463332142 7.898221E-004
3474.35147962335 7.737899E-004
3474.71496527030 7.577440E-004
3475.10981805605 7.414668E-004
3475.54214625888 7.251597E-004
3476.02005384861 7.087192E-004
3476.55465064782 6.922692E-004
3477.16181610687 6.756533E-004
3477.86553366283 6.590529E-004
3478.70490381744 6.421851E-004
3479.75129028905 6.250949E-004
3481.16076574223 6.074929E-004
3483.38161235320 5.895450E-004
3485.49190172126 5.813741E-004
3487.88027475154 5.779362E-004
3490.47021293172 5.794502E-004
3492.46996644160 5.837675E-004
3494.12806034584 5.890421E-004
3495.57215129861 5.948307E-004
3496.86519777293 6.009893E-004
3498.04342143880 6.073055E-004
3499.12997826390 6.137214E-004
3500.14081433685 6.202006E-004
3501.08752628209 6.267195E-004
3501.97890401467 6.332999E-004
3502.82182861945 6.399353E-004
3503.62182728026 6.465737E-004
3504.38343334403 6.532105E-004
3505.11042952614 6.598428E-004
3505.80601782478 6.664688E-004
3506.47294169598 6.730876E-004
3507.11357610804 6.796990E-004
3507.72999536854 6.863032E-004
3508.32402518685 6.929100E-004
3508.89728331054 6.995636E-004
3509.45121171853 7.062123E-004
3509.98710246651 7.128576E-004
3510.50611868514 7.195010E-004
3511.00931182445 7.261440E-004
3511.49763595389 7.327884E-004
3511.97195972591 7.397130E-004
3512.43307646554 7.466843E-004
3512.88171274232 7.536675E-004
3513.31853570202 7.606641E-004
3513.74415937645 7.676752E-004
3514.15915014478 7.747022E-004
3514.56403148549 7.817462E-004
3514.95928813127 7.888086E-004
3515.34536971822 7.959415E-004
3515.72269400458 8.031057E-004
3516.09164972084 8.102941E-004
3516.45259910272 8.175080E-004
3516.80588015004 8.247486E-004
3517.15180864770 8.320170E-004
3517.49067997925 8.393144E-004
3517.82277075903 8.466417E-004
3518.14834030492 8.540001E-004
3518.46763197081 8.613905E-004
3518.78087435486 8.688138E-004
3519.08828239780 8.762709E-004
3519.39005838339 8.838440E-004
3519.68639285166 8.914569E-004
3519.97746543409 8.991090E-004
3520.26344561901 9.068010E-004
3520.54449345415 9.145334E-004
3520.82076019270 9.223070E-004
3521.09238888833 9.301221E-004
3521.35951494417 9.379791E-004
3521.62226661994 9.458784E-004
3521.88076550119 9.538556E-004
3522.13512693408 9.619500E-004
3522.38546042869 9.700911E-004
3522.63187003375 9.782789E-004
3522.87445468511 9.865135E-004
3523.11330853019 9.947945E-004
3523.34852123059 1.003122E-003
3523.58017824431 1.011495E-003
3523.80836108958 1.019944E-003
3524.03314759149 1.028545E-003
3524.25461211287 1.037194E-003
3524.47282577068 1.045891E-003
3524.68785663888 1.054635E-003
3524.89976993887 1.063425E-003
3525.10862821844 1.072259E-003
3525.31449151997 1.081179E-003
3525.51741753868 1.090265E-003
3525.71746177174 1.099396E-003
3525.91467765868 1.108570E-003
3526.10911671384 1.117785E-003
3526.30082865139 1.127038E-003
3526.48986150330 1.136359E-003
3526.67626173091 1.145879E-003
3526.86007433032 1.155435E-003
3527.04134293214 1.165024E-003
3527.22010989590 1.174641E-003
3527.39641639946 1.184284E-003
3527.57030252369 1.194118E-003
3527.74180733280 1.204034E-003
3527.91096895046 1.213967E-003
3528.07782463206 1.223914E-003
3528.24241083320 1.233867E-003
3528.40476327482 1.244052E-003
3528.56491700488 1.254274E-003
3528.72290645696 1.264491E-003
3528.87876550589 1.274696E-003
3529.03252752051 1.285012E-003
3529.18422541359 1.295475E-003
3529.33389168926 1.305909E-003
3529.48155848770 1.316304E-003
3529.62725762749 1.326778E-003
3529.77102064537 1.337409E-003
3529.91287883364 1.350209E-003
3530.05286327516 1.367276E-003
3530.19100487591 1.384577E-003
3530.32733439509 1.402107E-003
3530.46188247282 1.419950E-003
3530.59467965528 1.438133E-003
3530.72575641726 1.456542E-003
3530.85514318204 1.475169E-003
3530.98287033859 1.494006E-003
3531.10896825578 1.515989E-003
3531.23346729382 1.538943E-003
3531.35639781252 1.562250E-003
3531.47779017651 1.585903E-003
3531.59767475718 1.609896E-003
3531.71608193142 1.634219E-003
3531.83304207705 1.658970E-003
3531.94858556499 1.684056E-003
3532.06274274819 1.709457E-003
3532.17554394759 1.735159E-003
3532.28701943503 1.761144E-003
3532.39719941373 1.787397E-003
3532.50611399638 1.813896E-003
3532.61379318159 1.840620E-003
3532.72026682898 1.867545E-003
3532.82556463378 1.894903E-003
3532.92971610158 1.922465E-003
3533.03275052410 1.950172E-003
3533.13469695688 1.977991E-003
3533.23558419974 2.005889E-003
3533.33544078121 2.033964E-003
3533.43429494756 2.062338E-003
3533.53217465757 2.090706E-003
3533.62910758379 2.119024E-003
3533.72512112087 2.147248E-003
3533.82024240157 2.175827E-003
3533.91449832061 2.204283E-003
3534.00791556663 2.232529E-003
3534.10052066182 2.260612E-003
3534.19234000894 2.288918E-003
3534.28339994505 2.316878E-003
3534.37372680089 2.344434E-003
3534.46334696503 2.372111E-003
3534.55228695138 2.399431E-003
3534.64057346892 2.426188E-003
3534.72823349213 2.452914E-003
3534.81529433109 2.479190E-003
3534.90178369974 2.504730E-003
3534.98772978157 2.530252E-003
3535.07316129167 2.555038E-003
3535.15810753458 2.579078E-003
3535.24259845746 2.602932E-003
3535.32666469850 2.625749E-003
3535.41033763043 2.648097E-003
3535.49364939958 2.669679E-003
3535.57663296067 2.690204E-003
3535.65932210806 2.710362E-003
3535.74175150411 2.729170E-003
3535.82395670530 2.747469E-003
3535.90597418712 2.764551E-003
3535.98784136843 2.780676E-003
3536.06959663626 2.795854E-003
3536.15127937188 2.809673E-003
3536.23292997907 2.822781E-003
3536.31458991536 2.834170E-003
3536.39630172721 2.845059E-003
3536.47810908986 2.854148E-003
3536.56005685283 2.862451E-003
3536.64219109192 2.869133E-003
3536.72455916861 2.874761E-003
3536.88973137607 2.881825E-003
3537.05641423530 2.883592E-003
3537.22533077700 2.880018E-003
3537.39696154026 2.871278E-003
3537.57182719677 2.857403E-003
3537.75049559835 2.838411E-003
3537.93359174131 2.814484E-003
3538.12181115227 2.785858E-003
3538.31593822830 2.752815E-003
3538.51687194944 2.717533E-003
3538.72566289500 2.749411E-003
3538.94356818846 2.778879E-003
3539.17213602353 2.807178E-003
3539.41334136089 2.834018E-003
3539.66981545336 2.860476E-003
3539.94526063816 2.887610E-003
3540.24526845807 2.916033E-003
3540.57914320259 2.947203E-003
3540.96479719255 2.982929E-003
3541.44703014332 3.027424E-003
3542.28235728251 3.093623E-003
3542.60202211541 3.109971E-003
3544.78416276452 3.139636E-003
3544.94821445521 3.167026E-003
3545.12706348747 3.191097E-003
3545.30280927619 3.208605E-003
3545.47692357412 3.220326E-003
3545.65041332929 3.226952E-003
3545.82413228367 3.229102E-003
3545.99882572144 3.227342E-003
3546.17516273245 3.222202E-003
3546.35375895598 3.214191E-003
3546.53519310984 3.203793E-003
3546.72001929496 3.191486E-003
3546.90877629904 3.177734E-003
3547.10199463536 3.162999E-003
3547.30020171029 3.147991E-003
3547.50392523750 3.133338E-003
3547.71369475459 3.119122E-003
3547.93004081009 3.105775E-003
3548.15349104896 3.093911E-003
3548.38456203034 3.084341E-003
3548.62374521756 3.076738E-003
3548.87148536773 3.071290E-003
3549.12814992767 3.068301E-003
3549.39398975304 3.067547E-003
3549.66909546739 3.067981E-003
3549.95336053912 3.068534E-003
3550.24646996417 3.067671E-003
3550.54793654852 3.063466E-003
3550.85719669794 3.053823E-003
3551.17375116367 3.036823E-003
3551.49730530830 3.011121E-003
3551.82785130897 2.976247E-003
3552.16565394339 2.932719E-003
3552.51113947871 2.881936E-003
3552.86471896684 2.825913E-003
3553.22658970726 2.766937E-003
3553.59655530092 2.707245E-003
3554.35842619276 2.753652E-003
3555.13768430807 2.871076E-003
3555.91113402178 2.996927E-003
3556.65713455599 3.124473E-003
3557.35971157655 3.245407E-003
3558.01278750230 3.355625E-003
3558.61979727281 3.454297E-003
3559.18962989344 3.548834E-003
3559.73185793732 3.650462E-003
3560.25338732390 3.770323E-003
3560.75713828372 3.916661E-003
3561.24262860116 4.092425E-003
3561.70772470920 4.295238E-003
3562.15037022557 4.521102E-003
3562.56948670641 4.764741E-003
3562.96506911164 5.021113E-003
3563.33790067798 5.288005E-003
3563.68922079127 5.561012E-003
3564.02047569704 5.839498E-003
3564.33316351655 6.120466E-003
3564.62874836467 6.401935E-003
3564.90861738051 6.682226E-003
3565.17406221999 6.959617E-003
3565.42627371999 7.232335E-003
3565.66634327812 7.498564E-003
3565.89526739831 7.756471E-003
3566.11395351035 8.004241E-003
3566.32322609279 8.240117E-003
3566.52383263285 8.463236E-003
3566.71644923063 8.672359E-003
3566.90168580010 8.865321E-003
3567.08009089437 9.041010E-003
3567.25215621726 9.198576E-003
3567.41832089443 9.364915E-003
3567.57897557451 9.559155E-003
3567.73446641767 9.742509E-003
3567.88509901050 9.914713E-003
3568.03114222428 1.007563E-002
3568.17283201062 1.022524E-002
3568.31037510832 1.036365E-002
3568.44395261941 1.049104E-002
3568.57372340364 1.060768E-002
3568.69982723967 1.071389E-002
3568.82238770788 1.081016E-002
3568.94151476231 1.089772E-002
3569.05730697583 1.097754E-002
3569.16985345995 1.106809E-002
3569.27923547655 1.114981E-002
3569.38552777132 1.122311E-002
3569.48879966631 1.128838E-002
3569.58911595290 1.134688E-002
3569.68653762509 1.140038E-002
3569.78112248987 1.144710E-002
3569.96433166223 1.152637E-002
3570.14297257438 1.158895E-002
3570.31123312698 1.163675E-002
3570.46897015726 1.167292E-002
3570.61644112479 1.169903E-002
3570.75395516060 1.171728E-002
3570.88185325088 1.173105E-002
3571.00050886097 1.174051E-002
3571.11032715311 1.174600E-002
3571.21174167413 1.174875E-002
3571.30520911802 1.175154E-002
3571.39120293859 1.175079E-002
3571.47020653049 1.175214E-002
3571.54270656297 1.175059E-002
3571.60918688777 1.175033E-002
3571.67012328439 1.174930E-002
3571.72597916985 1.174687E-002
3571.77720229457 1.174653E-002
3571.82422237189 1.174551E-002
3571.86744954238 1.174375E-002
3571.90727354958 1.174156E-002
3571.94406349700 1.174128E-002
3571.97816806003 1.174052E-002
3572.00991604014 1.173940E-002
3572.03961716622 1.173799E-002
3572.06756307050 1.173636E-002
3572.09402838924 1.173525E-002
3572.11927196094 1.173489E-002
3572.14353811431 1.173432E-002
3572.16705805160 1.173355E-002
3572.19005133888 1.173260E-002
3572.21272751381 1.173148E-002
3572.23528781403 1.173016E-002
3572.25792701981 1.172866E-002
3572.28083539617 1.172808E-002
3572.30420071504 1.172762E-002
3572.32821033850 1.172695E-002
3572.35305334938 1.172603E-002
3572.37892272361 1.172483E-002
3572.40601754873 1.172333E-002
3572.43454530309 1.172146E-002
3572.46472421994 1.172038E-002
3572.49678576914 1.171960E-002
3572.53097729776 1.171837E-002
3572.56756487876 1.171660E-002
3572.60683642581 1.171416E-002
3572.64910514206 1.171215E-002
3572.69471338345 1.171079E-002
3572.74403703226 1.170850E-002
3572.79749049779 1.170503E-002
3572.85553248798 1.170260E-002
3572.91867273349 1.169977E-002
3572.98747989699 1.169505E-002
3573.06259097284 1.169164E-002
3573.14472258461 1.168652E-002
3573.23468473598 1.168076E-002
3573.33339778519 1.167397E-002
3573.44191372673 1.166607E-002
3573.56144332020 1.165513E-002
3573.69339125647 1.164421E-002
3573.83940243691 1.162953E-002
3574.00142351407 1.161094E-002
3574.18178472452 1.158802E-002
3574.38330631631 1.155995E-002
3574.60942705467 1.152542E-002
3574.86432657743 1.148236E-002
3575.15293663088 1.142995E-002
3575.48055083168 1.136478E-002
3575.85146317212 1.128271E-002
3576.26626348992 1.117131E-002
3576.71943475097 1.101786E-002
3577.20075599170 1.080305E-002
3577.69879640414 1.052841E-002
3578.20055887651 1.021010E-002
3578.69178934951 9.886326E-003
3579.16456528559 9.666915E-003
3579.62263630095 9.525098E-003
3580.07879524532 9.435421E-003
3580.55193007745 9.479359E-003
3581.06673681827 9.853736E-003
3581.64027495632 1.004543E-002
3582.21858611028 1.001804E-002
3582.71100293567 9.868809E-003
3583.10808574047 9.698647E-003
3583.44180944060 9.546270E-003
3583.73519355409 9.419351E-003
3584.00143247220 9.465249E-003
3584.24852901955 9.712766E-003
3584.48170312514 9.925845E-003
3584.70457562081 1.010626E-002
3584.91978990314 1.026127E-002
3585.12936124889 1.039034E-002
3585.33488480362 1.049629E-002
3585.53766550360 1.058379E-002
3585.73880243314 1.065372E-002
3585.93924521399 1.070793E-002
3586.13983235234 1.074878E-002
3586.34131729932 1.077854E-002
3586.54438560216 1.079940E-002
3586.74966510953 1.081426E-002
3586.95773033444 1.082421E-002
3587.16910156802 1.083108E-002
3587.38423908272 1.083668E-002
3587.60353273175 1.084271E-002
3587.82728744316 1.085075E-002
3588.05570552709 1.086220E-002
3588.28886734405 1.087824E-002
3588.52671264333 1.089983E-002
3588.76902560691 1.099094E-002
3589.01542707135 1.114534E-002
3589.26537725293 1.130647E-002
3589.51819134788 1.147436E-002
3589.77306861024 1.164814E-002
3590.02913322157 1.182763E-002
3590.28548302715 1.201195E-002
3590.54124066187 1.219915E-002
3590.79560118345 1.238693E-002
3591.04787114495 1.257241E-002
3591.29749576932 1.275440E-002
3591.54407300579 1.292930E-002
3591.78735522414 1.309088E-002
3592.02724077249 1.370101E-002
3592.26375843819 1.431880E-002
3592.49704804026 1.491667E-002
3592.72734007759 1.548623E-002
3592.95493672764 1.601920E-002
3593.18019569616 1.650781E-002
3593.40351759983 1.694512E-002
3593.62533683562 1.732530E-002
3593.84611534316 1.764385E-002
3594.06633835130 1.789870E-002
3594.28651112357 1.808923E-002
3594.50715583882 1.821375E-002
3594.72880798755 1.827378E-002
3594.95201194805 1.827227E-002
3595.17731565803 1.821345E-002
3595.40526447184 1.810261E-002
3595.63639437138 1.794579E-002
3595.87122467635 1.774961E-002
3596.11025027952 1.752089E-002
3596.35393321559 1.726647E-002
3596.60269305830 1.699294E-002
3596.85689524324 1.670649E-002
3597.11683598404 1.641508E-002
3597.38272212780 1.612284E-002
3597.65464438436 1.583239E-002
3597.93254340530 1.554675E-002
3598.21617094585 1.527072E-002
3598.50505347696 1.500301E-002
3598.79847273845 1.474172E-002
3599.09548394860 1.448453E-002
3599.39499173444 1.422737E-002
3599.69589034783 1.396447E-002
3599.99724978367 1.368851E-002
3600.59542863103 1.306763E-002
3601.18516108524 1.230689E-002
3601.78157587935 1.135116E-002
3602.40568567454 1.017751E-002
3603.08464204609 8.796246E-003
3603.84535480817 7.614456E-003
3604.69122291651 7.374698E-003
3605.57418966670 7.084940E-003
3606.42555963202 6.837613E-003
3607.21216567432 6.829359E-003
3607.93649511682 6.922802E-003
3608.61463561902 7.062946E-003
3609.26662110638 7.237380E-003
3609.91526255557 7.443188E-003
3610.58836025478 7.688100E-003
3611.32379390151 8.005440E-003
3612.18255310304 8.463141E-003
3613.32282243343 9.190460E-003
3615.53730439469 1.019545E-002
3616.71428669532 1.014328E-002
3617.51297200279 9.773898E-003
3618.30514091784 9.114402E-003
3619.15878068156 8.181127E-003
3620.15105867752 7.052873E-003
3621.38741131342 6.007681E-003
3623.08068097017 5.166408E-003
3624.15339185681 4.704477E-003
3627.73351591374 3.817267E-003
3628.61746805697 3.815169E-003
3629.52067390409 3.823998E-003
3630.42831325448 4.140824E-003
3631.21136010680 4.243063E-003
3632.09600369967 4.184194E-003
3633.33263386844 3.860812E-003
3634.13257335146 3.535797E-003
3635.08150629561 3.310606E-003
3636.43337109668 3.328334E-003
3638.40677256557 3.072319E-003
3641.22535188778 2.847357E-003
3644.52711963689 2.605124E-003
3646.85419061225 2.574148E-003
3648.31896728129 2.464949E-003
3649.38434501965 2.307670E-003
3650.52851725658 2.345601E-003
3652.66700019654 2.740193E-003
3653.80998531386 3.004350E-003
3654.54209787871 3.063528E-003
3655.23694452210 3.022656E-003
3655.94028790525 2.909022E-003
3656.67467090401 2.751851E-003
3657.43987112655 2.580681E-003
3658.20800703289 2.422193E-003
3658.93792727020 2.291949E-003
3659.60721243424 2.189999E-003
3660.21956049005 2.109231E-003
3660.78847262924 2.044788E-003
3661.32518999038 1.993753E-003
3661.83618594697 1.955371E-003
3662.32502018484 1.929390E-003
3662.79486906843 1.915345E-003
3663.24992031283 1.912614E-003
3663.69550352025 1.920366E-003
3664.13764705084 1.938323E-003
3664.58253153200 1.966540E-003
3665.03588366872 2.005466E-003
3665.50220638253 2.054592E-003
3665.98394745607 2.112251E-003
3666.48120791522 2.173909E-003
3666.99288082587 2.232094E-003
3667.51940032999 2.275495E-003
3668.06612831874 2.290856E-003
3668.64679170866 2.264765E-003
3669.28891201012 2.183983E-003
3670.04897024567 2.035981E-003
3671.07266968768 1.804211E-003
3672.74109563416 1.813010E-003
3674.30291076217 1.900012E-003
3675.32735338994 1.931937E-003
3676.28467341209 1.992861E-003
3677.32980113730 2.150218E-003
3678.61624461878 2.217488E-003
3680.47553940776 2.199513E-003
3682.69369994996 2.239379E-003
3684.29273359295 2.296815E-003
3685.80910578317 2.344274E-003
3687.36905157929 2.356253E-003
3688.78100446205 2.244058E-003
3690.14473262927 2.428564E-003
3691.70439213555 2.420836E-003
3694.58676462467 1.983699E-003
3696.27176984229 1.795617E-003
3697.04350973903 1.877024E-003
3697.69288820705 1.905654E-003
3698.27690614900 1.894087E-003
3698.82767850485 1.854355E-003
3699.36476513998 1.797740E-003
3699.90316806002 1.732611E-003
3700.45707089612 1.665857E-003
3701.04332294606 1.601691E-003
3701.68832466531 1.542407E-003
3702.44615530634 1.486748E-003
3703.38606679446 1.432275E-003
3704.25639433402 1.388846E-003
3704.87294835650 1.361003E-003
3705.34529475813 1.341924E-003
3705.74670653460 1.327725E-003
3706.10475160459 1.316886E-003
3706.43283160318 1.308241E-003
3706.73915366719 1.300765E-003
3707.02954079367 1.293995E-003
3707.30855033026 1.287220E-003
3707.58000532179 1.279701E-003
3707.84729247616 1.271034E-003
3708.11356353311 1.260770E-003
3708.38190085945 1.248172E-003
3708.65547986003 1.232727E-003
3708.93775210666 1.213938E-003
3709.23267481419 1.191555E-003
3709.54502305811 1.165091E-003
3709.88084536965 1.134409E-003
3710.24817528070 1.099824E-003
3710.65823145377 1.089513E-003
3711.12765489010 1.124289E-003
3711.68331389355 1.153278E-003
3712.37487840818 1.177423E-003
3713.31312456257 1.197380E-003
3714.19700239155 1.201774E-003
3714.79501384128 1.192145E-003
3715.53386571519 1.160359E-003
3716.81096316811 1.092237E-003
3718.88902800276 1.188749E-003
3721.48086915579 1.144508E-003
3725.53237707285 9.545588E-004
3725.87731784321 9.737678E-004
3726.33691569013 9.889454E-004
3726.79504687693 9.911951E-004
3727.26769689310 9.818607E-004
3727.75464087071 9.626379E-004
3728.25434917565 9.363654E-004
3728.76451174223 9.053416E-004
3729.28433033191 8.717778E-004
3729.81644997303 8.372583E-004
3730.36832928059 8.023463E-004
3730.95377770597 7.967070E-004
3731.59701807863 7.973738E-004
3732.34754859569 7.950134E-004
3733.34967254959 7.872223E-004
3734.01285684213 7.767319E-004
3734.66592267995 7.589129E-004
3735.50328948274 7.223936E-004
3736.24892423834 7.056239E-004
3737.06296160522 7.333253E-004
3738.49881364274 7.981561E-004
3740.52654634464 9.005231E-004
3740.84649000594 9.132588E-004
3741.15215439377 9.239866E-004
3741.43169995923 9.327792E-004
3741.69098722949 9.400691E-004
3741.93362071248 9.463108E-004
3742.16202175559 9.518250E-004
3742.37787521154 9.568306E-004
3742.58238060430 9.614680E-004
3742.77640615468 9.658179E-004
3742.96059049507 9.699165E-004
3743.13541387612 9.782327E-004
3743.30125001579 9.912663E-004
3743.45840456807 1.003937E-003
3743.60714362428 1.016194E-003
3743.74771439496 1.027985E-003
3743.88035960655 1.039258E-003
3744.00532684754 1.049963E-003
3744.23968505121 1.070062E-003
3744.46133518418 1.088819E-003
3744.65567380827 1.105058E-003
3744.82287203688 1.121703E-003
3744.96547768433 1.147783E-003
3745.08649597136 1.169564E-003
3745.18895491474 1.187614E-003
3745.27573907767 1.202563E-003
3745.34950851410 1.215191E-003
3745.41266371218 1.225661E-003
3745.46733890516 1.234689E-003
3745.51541155330 1.242492E-003
3745.55851983939 1.249258E-003
3745.59808411576 1.255537E-003
3745.63533159932 1.261358E-003
3745.67132504361 1.266814E-003
3745.70699532812 1.272095E-003
3745.74317619089 1.277578E-003
3745.78063847279 1.283066E-003
3745.82012181899 1.288637E-003
3745.86236306859 1.294631E-003
3745.90812167837 1.300972E-003
3745.95820314778 1.307550E-003
3746.01348164147 1.314880E-003
3746.07492304444 1.322503E-003
3746.14360967739 1.330868E-003
3746.22076791944 1.339559E-003
3746.30780005731 1.348966E-003
3746.40632179401 1.358746E-003
3746.51820695415 1.368712E-003
3746.64564088235 1.378598E-003
3746.79118354218 1.387894E-003
3746.95784174329 1.395935E-003
3747.14914601977 1.401847E-003
3747.36921941909 1.404146E-003
3747.62281059375 1.401085E-003
3747.91524339144 1.390526E-003
3748.25222597379 1.370535E-003
3748.63951590735 1.338773E-003
3749.08263823210 1.294174E-003
3749.58722416904 1.236611E-003
3750.00000000000 1.186658E-003
