3250.00000000000 1.396140E-004
3250.49488901577 1.401209E-004
3250.66938795791 1.403038E-004
3251.01476896033 1.406726E-004
3251.35502108168 1.410450E-004
3251.69023572072 1.414211E-004
3252.02039571480 1.418018E-004
3252.34548968747 1.421918E-004
3252.66551197144 1.425853E-004
3252.98046257171 1.429824E-004
3253.29034709355 1.433829E-004
3253.59517663739 1.437869E-004
3253.89496766280 1.441943E-004
3254.18974182439 1.446051E-004
3254.47952578239 1.450192E-004
3254.76435099104 1.454365E-004
3255.04425346788 1.458571E-004
3255.31927354722 1.462808E-004
3255.58945562089 1.467076E-004
3255.85484786949 1.471375E-004
3256.11550198698 1.475705E-004
3256.37147290160 1.482174E-004
3256.62281849557 1.488677E-004
3256.86959932621 1.495213E-004
3257.11187835037 1.501781E-004
3257.34972065443 1.508379E-004
3257.58319319128 1.515005E-004
3257.81236452589 1.521659E-004
3258.03730459061 1.528339E-004
3258.25808445119 1.535044E-004
3258.47477608424 1.541772E-004
3258.68745216672 1.548596E-004
3258.89618587788 1.555467E-004
3259.10105071367 1.562360E-004
3259.30212031398 1.569274E-004
3259.49946830233 1.576208E-004
3259.69316813802 1.583160E-004
3259.88329298046 1.590130E-004
3260.06991556518 1.597117E-004
3260.25310809133 1.604119E-004
3260.43294212001 1.611136E-004
3260.60948848296 1.618167E-004
3260.78281720126 1.625211E-004
3260.95299741320 1.632266E-004
3261.12009731104 1.639333E-004
3261.28418408591 1.646409E-004
3261.44532388044 1.653587E-004
3261.60358174841 1.660797E-004
3261.75902162114 1.668017E-004
3261.91170627984 1.675245E-004
3262.06169733359 1.682481E-004
3262.20905520251 1.689723E-004
3262.35383910547 1.696972E-004
3262.49610705222 1.704226E-004
3262.63591583922 1.711485E-004
3262.77332104905 1.718748E-004
3262.90837705291 1.726014E-004
3263.04113701594 1.733282E-004
3263.17165290500 1.740552E-004
3263.29997549872 1.747839E-004
3263.42615439946 1.755242E-004
3263.55023804697 1.762647E-004
3263.67227373363 1.770052E-004
3263.79230762086 1.777458E-004
3263.91038475673 1.784863E-004
3264.02654909442 1.792267E-004
3264.14084351157 1.799669E-004
3264.25330983016 1.807069E-004
3264.36398883695 1.814465E-004
3264.47292030432 1.821859E-004
3264.58014301145 1.829248E-004
3264.68569476558 1.836632E-004
3264.78961242352 1.844057E-004
3264.89193191313 1.851577E-004
3264.99268825482 1.859092E-004
3265.09191558295 1.866601E-004
3265.18964716708 1.874105E-004
3265.28591543312 1.881601E-004
3265.38075198416 1.889091E-004
3265.47418762116 1.896573E-004
3265.56625236325 1.904046E-004
3265.65697546784 1.911510E-004
3265.74638545031 1.918965E-004
3265.83451010341 1.926410E-004
3265.92137651628 1.933874E-004
3266.00701109310 1.941458E-004
3266.09143957136 1.949032E-004
3266.17468703978 1.956596E-004
3266.25677795573 1.964148E-004
3266.33773616241 1.971688E-004
3266.41758490548 1.979216E-004
3266.49634684939 1.986731E-004
3266.57404409327 1.994233E-004
3266.65069818644 2.001720E-004
3266.72633014351 2.009193E-004
3266.80096045909 2.016650E-004
3266.87460912215 2.024196E-004
3266.94729562996 2.031798E-004
3267.01903900166 2.039385E-004
3267.08985779148 2.046955E-004
3267.15977010161 2.054509E-004
3267.22879359464 2.062047E-004
3267.29694550576 2.069567E-004
3267.36424265453 2.077068E-004
3267.43070145636 2.084551E-004
3267.49633793366 2.092014E-004
3267.56116772667 2.099458E-004
3267.62520610396 2.106969E-004
3267.68846797263 2.114561E-004
3267.75096788829 2.122134E-004
3267.81272006461 2.129686E-004
3267.87373838271 2.137217E-004
3267.93403640024 2.144726E-004
3267.99362736017 2.152213E-004
3268.05252419935 2.159677E-004
3268.11073955682 2.167117E-004
3268.16828578187 2.174533E-004
3268.22517494182 2.181924E-004
3268.28141882968 2.189438E-004
3268.33702897144 2.197386E-004
3268.39201663328 2.205656E-004
3268.44639282850 2.213916E-004
3268.50016832421 2.222163E-004
3268.55335364793 2.230398E-004
3268.60595909389 2.238619E-004
3268.65799472920 2.246826E-004
3268.70947039986 2.255862E-004
3268.76039573650 2.265778E-004
3268.81078016007 2.275725E-004
3268.86063288727 2.285681E-004
3268.90996293588 2.295646E-004
3268.95877912991 2.305619E-004
3269.00709010458 2.315600E-004
3269.05490431122 2.325587E-004
3269.10223002195 2.335582E-004
3269.14907533427 2.345582E-004
3269.19544817551 2.355587E-004
3269.24135630718 2.365597E-004
3269.28680732908 2.375611E-004
3269.33180868348 2.385628E-004
3269.37636765900 2.395647E-004
3269.42049139449 2.405669E-004
3269.46418688276 2.415692E-004
3269.50746097421 2.425716E-004
3269.55032038033 2.435740E-004
3269.59277167717 2.445764E-004
3269.63482130865 2.455786E-004
3269.67647558978 2.465806E-004
3269.71774070982 2.475823E-004
3269.75862273535 2.485838E-004
3269.79912761322 2.495848E-004
3269.83926117343 2.505853E-004
3269.87902913199 2.515853E-004
3269.91843709358 2.525846E-004
3269.95749055426 2.535833E-004
3269.99619490404 2.545859E-004
3270.03455542939 2.555946E-004
3270.07257731565 2.566026E-004
3270.11026564947 2.576099E-004
3270.14762542108 2.586164E-004
3270.18466152654 2.596220E-004
3270.22137876994 2.606267E-004
3270.25778186555 2.616303E-004
3270.29387543983 2.626329E-004
3270.32966403353 2.636342E-004
3270.36515210357 2.646343E-004
3270.40034402504 2.656331E-004
3270.43524409297 2.666305E-004
3270.46985652421 2.676263E-004
3270.50418545916 2.686206E-004
3270.53823496351 2.696133E-004
3270.57200902990 2.706042E-004
3270.60551157953 2.715933E-004
3270.63874646378 2.725805E-004
3270.67171746576 2.735658E-004
3270.70442830178 2.745646E-004
3270.73688262283 2.755615E-004
3270.76908401604 2.765564E-004
3270.80103600605 2.775493E-004
3270.83274205635 2.785401E-004
3270.86420557062 2.795287E-004
3270.89542989406 2.805150E-004
3270.92641831457 2.814989E-004
3270.95717406404 2.824804E-004
3270.98770031950 2.834593E-004
3271.01800020434 2.844356E-004
3271.04807678939 2.854091E-004
3271.07793309406 2.863799E-004
3271.10757208741 2.873478E-004
3271.13699668921 2.883127E-004
3271.16620977098 2.892746E-004
3271.19521415697 2.902487E-004
3271.22401262515 2.912234E-004
3271.25260790818 2.921950E-004
3271.28100269430 2.931634E-004
3271.30919962829 2.941286E-004
3271.33720131235 2.950905E-004
3271.36501030692 2.960490E-004
3271.39262913159 2.970040E-004
3271.42006026588 2.979554E-004
3271.44730615006 2.989031E-004
3271.47436918596 2.998471E-004
3271.50125173769 3.007872E-004
3271.52795613245 3.017233E-004
3271.55448466121 3.026554E-004
3271.58083957947 3.035925E-004
3271.60702310793 3.045383E-004
3271.63303743317 3.054800E-004
3271.65888470836 3.064176E-004
3271.68456705387 3.073509E-004
3271.71008655791 3.082799E-004
3271.73544527719 3.092045E-004
3271.76064523747 3.101246E-004
3271.78568843422 3.110401E-004
3271.81057683315 3.119509E-004
3271.83531237081 3.128569E-004
3271.85989695514 3.137580E-004
3271.88433246598 3.146542E-004
3271.90862075565 3.155504E-004
3271.93276364946 3.164609E-004
3271.95676294618 3.173664E-004
3271.98062041858 3.182669E-004
3272.00433781390 3.191622E-004
3272.02791685431 3.200523E-004
3272.05135923740 3.209370E-004
3272.07466663664 3.218162E-004
3272.09784070177 3.226899E-004
3272.12088305931 3.235579E-004
3272.14379531294 3.244203E-004
3272.16657904391 3.252768E-004
3272.18923581150 3.261274E-004
3272.21176715334 3.269944E-004
3272.23417458588 3.278601E-004
3272.25645960472 3.287197E-004
3272.27862368502 3.295734E-004
3272.30066828181 3.304209E-004
3272.32259483043 3.312623E-004
3272.34440474680 3.320973E-004
3272.36609942784 3.329259E-004
3272.38768025173 3.337481E-004
3272.40914857831 3.345637E-004
3272.43050574935 3.353726E-004
3272.45175308954 3.361774E-004
3272.49389842218 3.378185E-004
3272.53557758886 3.394308E-004
3272.57684565293 3.410155E-004
3272.61771217618 3.425717E-004
3272.65818657017 3.440988E-004
3272.69827801040 3.456215E-004
3272.73799544444 3.471507E-004
3272.77734759953 3.486497E-004
3272.81634298987 3.501177E-004
3272.85498992367 3.515541E-004
3272.89329650990 3.529582E-004
3272.93127066479 3.543928E-004
3272.96892011809 3.557966E-004
3273.00625241909 3.571671E-004
3273.04327494241 3.585036E-004
3273.07999489363 3.598054E-004
3273.11641931461 3.611187E-004
3273.15255508869 3.624186E-004
3273.18840894573 3.636827E-004
3273.22398746686 3.649107E-004
3273.25929708917 3.661018E-004
3273.29434411016 3.672926E-004
3273.32913469210 3.684801E-004
3273.36367486614 3.696298E-004
3273.39797053637 3.707413E-004
3273.43202748374 3.718140E-004
3273.46585136971 3.728811E-004
3273.49944773999 3.739487E-004
3273.53282202796 3.749767E-004
3273.56597955806 3.759646E-004
3273.59892554913 3.769121E-004
3273.63166511746 3.778547E-004
3273.66420327996 3.787957E-004
3273.69654495702 3.796956E-004
3273.72869497544 3.805539E-004
3273.76065807117 3.813703E-004
3273.79243889200 3.821875E-004
3273.82404200014 3.829965E-004
3273.85547187475 3.837631E-004
3273.88673291436 3.844868E-004
3273.91782943928 3.851676E-004
3273.94876569380 3.858587E-004
3273.97954584849 3.865313E-004
3274.01017400230 3.871605E-004
3274.04065418468 3.877459E-004
3274.07099035758 3.882875E-004
3274.10118641743 3.888523E-004
3274.13124619705 3.893853E-004
3274.16117346748 3.898743E-004
3274.19097193982 3.903190E-004
3274.22064526694 3.907214E-004
3274.25019704521 3.911574E-004
3274.27963081613 3.915491E-004
3274.30895006795 3.918964E-004
3274.33815823739 3.921992E-004
3274.39625723414 3.927689E-004
3274.45399760915 3.932246E-004
3274.51136801655 3.935347E-004
3274.56839335597 3.937964E-004
3274.62509794508 3.938816E-004
3274.68150550586 3.939174E-004
3274.73763920136 3.938126E-004
3274.79352167084 3.935923E-004
3274.84917506347 3.933013E-004
3274.90462107066 3.928400E-004
3275.01503476699 3.917150E-004
3275.12528483743 3.901629E-004
3275.34478420302 3.858331E-004
3275.56624245138 3.799890E-004
3275.78928618256 3.727443E-004
3276.01507676405 3.644562E-004
3276.24481141665 3.580051E-004
3276.47972120464 3.524818E-004
3276.72109602306 3.460168E-004
3276.97031298643 3.387470E-004
3277.22886875136 3.308119E-004
3277.49841681504 3.223045E-004
3277.78081082528 3.133317E-004
3278.07815477401 3.039941E-004
3278.39286045481 2.943487E-004
3278.72771140421 2.844430E-004
3279.08593011514 2.743190E-004
3279.47124064548 2.640689E-004
3279.88791070323 2.550604E-004
3280.34074603286 2.476470E-004
3280.83500332980 2.406213E-004
3281.37622332268 2.342121E-004
3281.97019126579 2.306532E-004
3282.62396938618 2.301034E-004
3283.35117985639 2.310349E-004
3284.19245278053 2.323356E-004
3285.31214038668 2.327550E-004
3287.69287150200 2.125677E-004
3291.19297093328 1.895331E-004
3295.24489277817 1.853699E-004
3300.51004577782 1.820680E-004
3305.68223660771 1.815049E-004
3309.12076496622 1.896421E-004
3311.86020674399 1.992689E-004
3313.65450680652 2.080336E-004
3314.85219377847 2.155298E-004
3315.72337581691 2.247000E-004
3316.39713529801 2.330781E-004
3316.94071393181 2.407602E-004
3317.39292742948 2.478120E-004
3317.77803346602 2.543589E-004
3318.11212991742 2.603427E-004
3318.40640816623 2.658719E-004
3318.66894219529 2.709139E-004
3318.90573611488 2.755400E-004
3319.12136949307 2.797311E-004
3319.31941192041 2.835511E-004
3319.50269884911 2.869709E-004
3319.67352069605 2.900671E-004
3319.83375587171 2.927876E-004
3319.98496650125 2.952303E-004
3320.12846869903 2.973145E-004
3320.26538510731 2.991621E-004
3320.39668483983 3.006632E-004
3320.52321433491 3.019619E-004
3320.64572155748 3.029274E-004
3320.76487528092 3.037053E-004
3320.88128069979 3.041673E-004
3320.99549229485 3.044442E-004
3321.10802464244 3.044189E-004
3321.21936169988 3.042068E-004
3321.32996498632 3.036990E-004
3321.44028100101 3.029984E-004
3321.55074816955 3.020019E-004
3321.66180357796 3.008028E-004
3321.77388974033 2.993012E-004
3321.88746164817 2.975839E-004
3322.00299436676 2.955513E-004
3322.12099147819 2.932876E-004
3322.24199472454 2.906895E-004
3322.36659528183 2.878451E-004
3322.49544720244 2.846396E-004
3322.62928370732 2.811757E-004
3322.76893720021 2.773248E-004
3322.91536412524 2.741622E-004
3323.06967610901 2.742542E-004
3323.23317923195 2.739659E-004
3323.40742377478 2.733066E-004
3323.59426740379 2.721926E-004
3323.79595554976 2.705413E-004
3324.01522386981 2.682872E-004
3324.25542965515 2.653775E-004
3324.52072309480 2.617569E-004
3324.81627805528 2.573391E-004
3325.14862012550 2.520954E-004
3325.52612355275 2.460363E-004
3325.95980510738 2.392649E-004
3326.46462759606 2.318927E-004
3327.06164228890 2.240695E-004
3327.78141367911 2.172070E-004
3328.66891919478 2.123042E-004
3329.78723716165 2.075935E-004
3331.20264969663 2.034892E-004
3332.90902450202 2.005571E-004
3334.75516252374 1.990638E-004
3336.55077126778 1.988141E-004
3338.19422504497 1.993959E-004
3339.66984593368 2.005037E-004
3340.99389278626 2.019466E-004
3342.18758964072 2.043085E-004
3343.26997128388 2.069785E-004
3344.25683150142 2.097521E-004
3345.16108472397 2.126062E-004
3345.99332895428 2.155247E-004
3346.76233877591 2.185418E-004
3347.47545136329 2.216132E-004
3348.13886051664 2.247249E-004
3348.75784040374 2.278729E-004
3349.33691724976 2.311128E-004
3349.88000261799 2.343809E-004
3350.39049814170 2.376728E-004
3350.87137879386 2.410316E-004
3351.32525981769 2.444353E-004
3351.75445106102 2.479610E-004
3352.16100148412 2.523412E-004
3352.54673591630 2.568066E-004
3352.91328563624 2.613462E-004
3353.26211398527 2.659611E-004
3353.59453795231 2.706518E-004
3353.91174646659 2.754182E-004
3354.21481598072 2.802598E-004
3354.50472380922 2.851753E-004
3354.78235959673 2.901631E-004
3355.04853521907 2.952208E-004
3355.30399336461 3.003525E-004
3355.54941499893 3.055679E-004
3355.78542588041 3.108480E-004
3356.01260226601 3.161881E-004
3356.23147592301 3.215826E-004
3356.44253854426 3.270252E-004
3356.64624564847 3.325090E-004
3356.84302003500 3.380258E-004
3357.03325485149 3.436312E-004
3357.21731632458 3.492621E-004
3357.39554619628 3.549048E-004
3357.56826390245 3.605481E-004
3357.73576852518 3.662324E-004
3357.89834054582 3.719414E-004
3358.05624342251 3.776200E-004
3358.20972501226 3.832622E-004
3358.35901885548 3.889582E-004
3358.50434533837 3.945854E-004
3358.64591274659 4.001401E-004
3358.78391822207 4.057231E-004
3358.91854863339 4.111918E-004
3359.04998136871 4.165980E-004
3359.17838505952 4.219479E-004
3359.30392024203 4.271329E-004
3359.42673996280 4.323127E-004
3359.54699033389 4.372913E-004
3359.66481104278 4.436161E-004
3359.78033582112 4.498595E-004
3359.89369287664 4.560659E-004
3360.00500529133 4.620401E-004
3360.11439138934 4.679288E-004
3360.22196507719 4.735639E-004
3360.32783615896 4.790867E-004
3360.43211062858 4.843113E-004
3360.53489094144 4.894192E-004
3360.63627626691 4.941927E-004
3360.73636272363 4.988064E-004
3360.83524359901 5.030954E-004
3360.93300955421 5.071327E-004
3361.02974881594 5.108918E-004
3361.12554735610 5.142907E-004
3361.22048906038 5.174788E-004
3361.31465588662 5.202669E-004
3361.40812801390 5.227670E-004
3361.50098398307 5.249356E-004
3361.59330082940 5.266856E-004
3361.68515420814 5.282091E-004
3361.77661851342 5.293075E-004
3361.86776699124 5.300447E-004
3361.95867184692 5.304804E-004
3362.04940434766 5.304855E-004
3362.14003492046 5.301950E-004
3362.23063324612 5.295389E-004
3362.41178439691 5.271657E-004
3362.77621360365 5.183692E-004
3363.15467822407 5.107639E-004
3363.55023357097 5.039195E-004
3363.96815938022 4.927031E-004
3364.41414625624 4.778834E-004
3364.89434512727 4.603149E-004
3365.41547256876 4.409157E-004
3365.98495205547 4.204954E-004
3366.61110469402 3.998600E-004
3367.30339989043 3.795180E-004
3368.07276045222 3.599910E-004
3368.93186982530 3.416162E-004
3369.89530247204 3.245908E-004
3370.97896717332 3.090653E-004
3372.19752798277 2.952195E-004
3373.55669189353 2.831907E-004
3375.03525234873 2.731769E-004
3376.55853066216 2.654416E-004
3377.99844382099 2.600860E-004
3379.24416517131 2.567993E-004
3380.27448819836 2.549265E-004
3381.13885218058 2.537884E-004
3381.90555526641 2.528412E-004
3382.64192993080 2.516494E-004
3383.42250990971 2.498302E-004
3384.36289740836 2.470640E-004
3385.72961679393 2.432234E-004
3388.23059402159 2.389309E-004
3391.38339803332 2.367885E-004
3395.99013852047 2.366557E-004
3401.02708773832 2.388492E-004
3406.06831112585 2.427475E-004
3411.04530399057 2.480102E-004
3415.96017860971 2.545188E-004
3420.75037198435 2.621672E-004
3425.31045644493 2.707857E-004
3429.56825492736 2.802247E-004
3433.47722236713 2.903498E-004
3437.01196012665 3.010366E-004
3440.16620842875 3.121724E-004
3442.95085838871 3.236617E-004
3445.39045050576 3.361667E-004
3447.51833802656 3.517101E-004
3449.37171481030 3.678229E-004
3450.98762595426 3.845292E-004
3452.40041787539 4.019562E-004
3453.64049607217 4.200507E-004
3454.73400111559 4.390367E-004
3455.70301319228 4.588558E-004
3456.56600057320 4.796931E-004
3457.33833908300 5.016064E-004
3458.03281216152 5.246102E-004
3458.66005226888 5.487608E-004
3459.22891273064 5.741280E-004
3459.74677351683 6.005402E-004
3460.21979115235 6.278268E-004
3460.65310554993 6.557635E-004
3461.05101665402 6.840296E-004
3461.41714188749 7.121152E-004
3461.75456161565 7.395751E-004
3462.06595474977 7.661600E-004
3462.35372112682 7.912842E-004
3462.62008308636 8.149627E-004
3462.86715766603 8.368676E-004
3463.09699442267 8.571036E-004
3463.31158104146 8.757555E-004
3463.51282600409 8.928433E-004
3463.70253093499 9.087838E-004
3463.88236382684 9.234292E-004
3464.05384000437 9.373752E-004
3464.21831308099 9.503456E-004
3464.37697497185 9.629383E-004
3464.53086257371 9.748453E-004
3464.68086853989 9.866327E-004
3464.82775403936 9.979802E-004
3464.97216203347 1.009342E-003
3465.11463018685 1.020487E-003
3465.25560296730 1.031711E-003
3465.39544277844 1.042895E-003
3465.53444013903 1.054180E-003
3465.67282300616 1.065542E-003
3465.81076536745 1.077004E-003
3465.94839522018 1.088581E-003
3466.08580203004 1.100253E-003
3466.22304372913 1.111977E-003
3466.36015328024 1.123801E-003
3466.49714480654 1.135493E-003
3466.63401926629 1.147318E-003
3466.77076964158 1.158838E-003
3466.90738560881 1.170266E-003
3467.04385766518 1.181404E-003
3467.18018069736 1.192027E-003
3467.31635699434 1.202277E-003
3467.45239872275 1.211946E-003
3467.58832989866 1.220812E-003
3467.72418790272 1.228775E-003
3467.86002459534 1.235900E-003
3467.99590709433 1.241969E-003
3468.13191828007 1.246798E-003
3468.26815709265 1.250285E-003
3468.40473868244 1.252330E-003
3468.54179447141 1.252844E-003
3468.67947217727 1.251742E-003
3468.81793584709 1.249015E-003
3468.95736594239 1.244575E-003
3469.09795951363 1.238335E-003
3469.23993049895 1.230266E-003
3469.38351018075 1.220359E-003
3469.52894783354 1.208619E-003
3469.67651159850 1.195069E-003
3469.82648962370 1.179751E-003
3469.97919151501 1.162720E-003
3470.13495015099 1.144046E-003
3470.29412392660 1.123812E-003
3470.45709950538 1.102211E-003
3470.62429517945 1.079337E-003
3470.79616496223 1.055229E-003
3470.97320357167 1.029998E-003
3471.15595250533 1.003760E-003
3471.34500746629 9.769196E-004
3471.54102747498 9.493224E-004
3471.74474610570 9.211074E-004
3471.95698542804 9.024422E-004
3472.17867342914 8.894934E-004
3472.41086596890 8.758274E-004
3472.65477471499 8.615177E-004
3472.91180308054 8.466823E-004
3473.18359304315 8.315203E-004
3473.47208702658 8.159167E-004
3473.77961105680 7.999264E-004
3474.10898866183 7.838670E-004
3474.46370038057 7.675006E-004
3474.84811301970 7.510110E-004
3475.26781943559 7.344279E-004
3475.73016101051 7.177079E-004
3476.24506790600 7.009764E-004
3476.82648781941 6.841268E-004
3477.49499447528 6.672082E-004
3478.28301765394 6.501820E-004
3479.24677092646 6.328486E-004
3480.49901064724 6.152809E-004
3482.32546844523 5.969954E-004
3485.13380808223 5.820544E-004
3487.40641075065 5.780027E-004
3490.08668428641 5.788392E-004
3492.18432719293 5.830478E-004
3493.90689574710 5.883694E-004
3495.39827809186 5.942357E-004
3496.72837786452 6.005264E-004
3497.93681936447 6.069854E-004
3499.04865558027 6.135484E-004
3500.08100121950 6.201758E-004
3501.04622937746 6.268422E-004
3501.95367678183 6.335603E-004
3502.81062749973 6.403403E-004
3503.62291658062 6.471199E-004
3504.39531945153 6.538946E-004
3505.13181367677 6.606612E-004
3505.83576111127 6.674179E-004
3506.51003844427 6.741640E-004
3507.15713315692 6.808990E-004
3507.77921562789 6.876235E-004
3508.37819437186 6.943509E-004
3508.95575908321 7.011193E-004
3509.51341468816 7.078797E-004
3510.05250864921 7.146336E-004
3510.57425312554 7.213828E-004
3511.07974315500 7.281432E-004
3511.56997171952 7.351856E-004
3512.04584233976 7.422348E-004
3512.50817969008 7.492921E-004
3512.95773861131 7.563588E-004
3513.39521181528 7.634362E-004
3513.82123651202 7.705256E-004
3514.23640014292 7.776283E-004
3514.64124536687 7.847457E-004
3515.03627441779 7.918836E-004
3515.42195293024 7.990955E-004
3515.79871331207 8.063281E-004
3516.16695772964 8.135828E-004
3516.52706075960 8.208609E-004
3516.87937175278 8.281635E-004
3517.22421694809 8.354919E-004
3517.56190136877 8.428473E-004
3517.89271052804 8.502306E-004
3518.21691196768 8.576431E-004
3518.53475664928 8.650855E-004
3518.84648021537 8.725590E-004
3519.15230413518 8.801004E-004
3519.45243674797 8.877240E-004
3519.74707421484 8.953843E-004
3520.03640138895 9.030818E-004
3520.32059261262 9.108174E-004
3520.59981244857 9.185917E-004
3520.87421635224 9.264053E-004
3521.14395129057 9.342585E-004
3521.40915631275 9.421518E-004
3521.66996307716 9.500855E-004
3521.92649633881 9.581596E-004
3522.17887440073 9.662880E-004
3522.42720953253 9.744613E-004
3522.67160835914 9.826794E-004
3522.91217222213 9.909421E-004
3523.14899751608 9.992494E-004
3523.38217600201 1.007601E-003
3523.61179509975 1.015996E-003
3523.83793816101 1.024555E-003
3524.06068472461 1.033178E-003
3524.28011075533 1.041846E-003
3524.49628886763 1.050561E-003
3524.70928853530 1.059319E-003
3524.91917628826 1.068121E-003
3525.12601589731 1.076964E-003
3525.32986854776 1.086009E-003
3525.53079300275 1.095104E-003
3525.72884575697 1.104240E-003
3525.92408118144 1.113416E-003
3526.11655165997 1.122629E-003
3526.30630771789 1.131877E-003
3526.49339814351 1.141337E-003
3526.67787010286 1.150851E-003
3526.85976924804 1.160397E-003
3527.03913981976 1.169971E-003
3527.21602474423 1.179569E-003
3527.39046572491 1.189305E-003
3527.56250332939 1.199175E-003
3527.73217707163 1.209063E-003
3527.89952548995 1.218964E-003
3528.06458622091 1.228871E-003
3528.22739606936 1.238954E-003
3528.38799107486 1.249129E-003
3528.54640657471 1.259300E-003
3528.70267726366 1.269460E-003
3528.85683725056 1.279672E-003
3529.00892011202 1.290089E-003
3529.15895894330 1.300478E-003
3529.30698640637 1.310831E-003
3529.45303477548 1.321200E-003
3529.59713598009 1.333324E-003
3529.73932164531 1.350193E-003
3529.87962313002 1.367300E-003
3530.01807156244 1.384643E-003
3530.15469787343 1.402217E-003
3530.28953282739 1.420072E-003
3530.42260705075 1.438302E-003
3530.55395105812 1.456759E-003
3530.68359527591 1.475438E-003
3530.81157006350 1.494330E-003
3530.93790573192 1.513425E-003
3531.06263255985 1.532950E-003
3531.18578080697 1.556164E-003
3531.30738072458 1.579727E-003
3531.42746256342 1.603630E-003
3531.54605657862 1.627901E-003
3531.66319303176 1.652572E-003
3531.77890219004 1.677572E-003
3531.89321432250 1.702889E-003
3532.00615969346 1.728509E-003
3532.11776855315 1.754416E-003
3532.22807112575 1.780594E-003
3532.33709759504 1.807022E-003
3532.44487808787 1.833679E-003
3532.55144265597 1.860542E-003
3532.65682125629 1.887863E-003
3532.76104373053 1.915369E-003
3532.86413978451 1.943024E-003
3532.96613896779 1.970796E-003
3533.06707065453 1.998653E-003
3533.16696402620 2.026701E-003
3533.26584805697 2.055041E-003
3533.36375150261 2.083380E-003
3533.46070289370 2.111674E-003
3533.55673053380 2.139878E-003
3533.65186250336 2.168442E-003
3533.74612666982 2.196886E-003
3533.83955070428 2.225123E-003
3533.93216210508 2.253199E-003
3534.02398822819 2.281501E-003
3534.11505632435 2.309463E-003
3534.20539358252 2.337023E-003
3534.29502717913 2.364699E-003
3534.38398433238 2.392028E-003
3534.47229236065 2.418797E-003
3534.55997874411 2.445529E-003
3534.64707118846 2.471820E-003
3534.73359768960 2.497378E-003
3534.81958659834 2.522912E-003
3534.90506668408 2.547720E-003
3534.99006719664 2.571779E-003
3535.07461792540 2.595659E-003
3535.15874925541 2.618505E-003
3535.24249221991 2.640881E-003
3535.32587854921 2.662496E-003
3535.40894071580 2.683059E-003
3535.49171197606 2.703255E-003
3535.57422640869 2.722104E-003
3535.65651895055 2.740453E-003
3535.73862543022 2.757581E-003
3535.82058260029 2.773766E-003
3535.90242816870 2.788995E-003
3535.98420083037 2.802885E-003
3536.06594029949 2.816048E-003
3536.14768734370 2.827519E-003
3536.22948382065 2.838468E-003
3536.31137271820 2.847618E-003
3536.39339819873 2.856015E-003
3536.47560564883 2.862759E-003
3536.55804173517 2.868489E-003
3536.72332021803 2.875725E-003
3536.89005602534 2.877669E-003
3537.05898789332 2.874277E-003
3537.23058842648 2.865643E-003
3537.40536895866 2.851938E-003
3537.58388576123 2.833109E-003
3537.76674901466 2.809336E-003
3537.95463478784 2.780854E-003
3538.14830133558 2.747943E-003
3538.34861176083 2.711303E-003
3538.55656633122 2.723202E-003
3538.77334991902 2.752459E-003
3539.00040402794 2.779934E-003
3539.23954058965 2.806031E-003
3539.49313063082 2.832084E-003
3539.76443648253 2.858158E-003
3540.05824432199 2.885390E-003
3540.38220426206 2.915236E-003
3540.75015021312 2.949595E-003
3541.19274296680 2.990841E-003
3541.81725861974 3.047055E-003
3542.56599031045 3.096365E-003
3544.09563562873 3.010701E-003
3544.29977243586 3.035752E-003
3544.50154453491 3.088169E-003
3544.69292654525 3.130035E-003
3544.87735044839 3.162928E-003
3545.05704996524 3.188752E-003
3545.23368000401 3.207871E-003
3545.40852794901 3.220989E-003
3545.58263885937 3.228813E-003
3545.75689295364 3.231970E-003
3545.93205599963 3.231036E-003
3546.10881346256 3.226550E-003
3546.28779447622 3.219027E-003
3546.46958918321 3.208961E-003
3546.65476158798 3.196835E-003
3546.84385924031 3.183123E-003
3547.03742054699 3.168295E-003
3547.23598015180 3.152813E-003
3547.44007254300 3.137601E-003
3547.65023378855 3.122907E-003
3547.86700102246 3.108981E-003
3548.09090898188 3.096248E-003
3548.32248251896 3.085557E-003
3548.56222362497 3.077122E-003
3548.81059126197 3.070797E-003
3549.06797255860 3.066619E-003
3549.33464536096 3.064695E-003
3549.61073565935 3.064316E-003
3549.89617963449 3.064165E-003
3550.19070774643 3.062746E-003
3550.49387241700 3.058152E-003
3550.80513317970 3.048272E-003
3551.12398907107 3.031139E-003
3551.45011680825 3.005339E-003
3551.78345734389 2.970338E-003
3552.12420850688 2.926692E-003
3552.47271879346 2.875642E-003
3552.82931234129 2.819379E-003
3553.19409124920 2.760261E-003
3553.56675947578 2.700559E-003
3554.33285112404 2.758791E-003
3555.11425605327 2.877727E-003
3555.88849362581 3.005089E-003
3556.63481723977 3.133923E-003
3557.33805489224 3.256130E-003
3557.99236139460 3.366951E-003
3558.60088233528 3.465504E-003
3559.17201480062 3.559675E-003
3559.71486006886 3.659886E-003
3560.23598130026 3.777813E-003
3560.73818455796 3.921634E-003
3561.22115921441 4.094160E-003
3561.68314966911 4.293593E-003
3562.12251058851 4.515582E-003
3562.53847488165 4.755069E-003
3562.93121455910 5.007299E-003
3563.30158336696 5.270640E-003
3563.65082604444 5.540219E-003
3563.98036120277 5.815000E-003
3564.29164599984 6.092955E-003
3564.58610074291 6.371665E-003
3564.86507093744 6.649500E-003
3565.12981086806 6.924789E-003
3565.38147888969 7.195809E-003
3565.62113875536 7.460789E-003
3565.84976382744 7.717936E-003
3566.06824247210 7.965467E-003
3566.27738375265 8.201644E-003
3566.47792298968 8.424899E-003
3566.67052700348 8.635281E-003
3566.85579898814 8.830022E-003
3567.03428303627 9.007966E-003
3567.20646836696 9.184758E-003
3567.37279332190 9.391350E-003
3567.53364919311 9.587447E-003
3567.68938393626 9.772611E-003
3567.84030580808 9.946540E-003
3567.98668694757 1.010907E-002
3568.12876690112 1.026014E-002
3568.26675607295 1.039984E-002
3568.40083906800 1.052833E-002
3568.53117788484 1.064587E-002
3568.65791491348 1.075279E-002
3568.78117569715 1.084945E-002
3568.90107142643 1.093676E-002
3569.01770114757 1.101536E-002
3569.13115368154 1.108968E-002
3569.24150926478 1.117098E-002
3569.34884093392 1.124374E-002
3569.45321568495 1.130838E-002
3569.55469544161 1.136555E-002
3569.65333786782 1.141819E-002
3569.74919705695 1.146403E-002
3569.93507227607 1.154049E-002
3570.11658158427 1.159991E-002
3570.45667164048 1.168090E-002
3570.78223328200 1.172356E-002
3571.06853573746 1.174021E-002
3571.31242677977 1.174400E-002
3571.51567843046 1.174133E-002
3571.68227264459 1.173773E-002
3571.81739413844 1.173451E-002
3571.92667696835 1.173081E-002
3572.01563885033 1.172723E-002
3572.08932773685 1.172456E-002
3572.15214506609 1.172257E-002
3572.20778815351 1.171961E-002
3572.25927586442 1.171769E-002
3572.30904433508 1.171635E-002
3572.35909290032 1.171412E-002
3572.41114410731 1.171087E-002
3572.46678718227 1.170963E-002
3572.52759544435 1.170727E-002
3572.59522351803 1.170312E-002
3572.67149492446 1.170100E-002
3572.75849056504 1.169638E-002
3572.85864827491 1.169222E-002
3572.97488478520 1.168493E-002
3573.11075511983 1.167839E-002
3573.27067241363 1.166851E-002
3573.46022731369 1.165452E-002
3573.68667952408 1.163415E-002
3573.95976494149 1.160464E-002
3574.29311086663 1.156045E-002
3574.70680937085 1.149574E-002
3575.23155306834 1.140196E-002
3575.90899055153 1.125658E-002
3576.75845932542 1.099272E-002
3577.72684343962 1.050608E-002
3578.72127097175 9.868741E-003
3579.66556800015 9.508183E-003
3580.65931409424 9.601397E-003
3581.93633086375 1.003940E-002
3582.99976373173 9.708866E-003
3583.65831346507 9.411360E-003
3584.18014268395 9.670228E-003
3584.64346313499 1.008001E-002
3585.07596351405 1.037643E-002
3585.49224588198 1.057952E-002
3585.90137000167 1.071180E-002
3586.30956587868 1.078844E-002
3586.72141201218 1.082892E-002
3587.14037401544 1.085139E-002
3587.56899675390 1.086922E-002
3588.00886186185 1.089496E-002
3588.46038966120 1.093784E-002
3588.92260374886 1.110535E-002
3589.39303227412 1.141541E-002
3589.86791857228 1.174397E-002
3590.34280062177 1.208714E-002
3590.81333050100 1.243541E-002
3591.27606944071 1.277773E-002
3591.72901236375 1.309016E-002
3592.17174220118 1.410468E-002
3592.60527770852 1.520026E-002
3593.03177069985 1.618700E-002
3593.45421003045 1.701225E-002
3593.87622707963 1.763399E-002
3594.30201308716 1.802360E-002
3594.73629265245 1.817005E-002
3595.18427244974 1.808210E-002
3595.65149288434 1.778782E-002
3596.14352575078 1.733121E-002
3596.66545448056 1.676608E-002
3597.22102099146 1.614833E-002
3597.81122414921 1.552762E-002
3598.43220689600 1.493925E-002
3599.07325742836 1.439188E-002
3599.71816043713 1.385570E-002
3600.35272249561 1.327328E-002
3600.97354799229 1.257301E-002
3601.59033482842 1.168748E-002
3602.22300397249 1.057822E-002
3602.89876199665 9.242100E-003
3603.64737021990 7.743342E-003
3604.48275515990 7.391509E-003
3605.36970657436 7.115510E-003
3606.23659804656 6.861294E-003
3607.03940744424 6.798147E-003
3607.77627355391 6.880773E-003
3608.46351841339 7.008600E-003
3609.12230169582 7.173149E-003
3609.77647924906 7.367849E-003
3610.45469688798 7.604571E-003
3611.19538850181 7.914662E-003
3612.05900630696 8.370521E-003
3613.19593677866 9.099552E-003
3615.47903999174 1.017469E-002
3616.67110362938 1.014206E-002
3617.47094928402 9.779383E-003
3618.26680819340 9.117786E-003
3619.12634899070 8.175221E-003
3620.12827942790 7.034550E-003
3621.38033314629 5.967718E-003
3623.08660017388 5.132756E-003
3625.17685221161 4.305158E-003
3626.24023511970 3.991780E-003
3627.09504259245 3.828528E-003
3627.82650495753 3.840709E-003
3628.48777586723 3.839554E-003
3629.11373559932 3.805560E-003
3629.73586300606 3.938634E-003
3630.39265355889 4.145686E-003
3631.12845304201 4.244995E-003
3631.74518053789 4.227487E-003
3632.28846873085 4.149179E-003
3632.99808860538 3.968918E-003
3633.63380753636 3.741209E-003
3634.28560598673 3.458664E-003
3634.98973287953 3.281518E-003
3635.83799258237 3.324059E-003
3636.96189990610 3.269250E-003
3638.30489392063 3.095873E-003
3639.88147243147 2.941690E-003
3642.34678976435 2.845923E-003
3644.09201635414 2.683284E-003
3645.61223955405 2.502401E-003
3647.00774280580 2.574958E-003
3647.97115047174 2.505178E-003
3648.73769740296 2.412747E-003
3649.44991569692 2.327949E-003
3650.20280533167 2.351742E-003
3651.23833723362 2.440385E-003
3652.37844705028 2.688507E-003
3653.25356128597 2.913934E-003
3653.81975255556 3.019067E-003
3654.31353014377 3.063043E-003
3654.77743669362 3.059723E-003
3655.23092642003 3.018422E-003
3655.68504258832 2.948178E-003
3656.14634557397 2.857523E-003
3656.61779528677 2.754384E-003
3657.09845121677 2.646589E-003
3657.58309958526 2.541195E-003
3658.06315364529 2.443721E-003
3658.52948365815 2.356954E-003
3658.97570571352 2.281408E-003
3659.39961182141 2.216459E-003
3659.80235118227 2.160248E-003
3660.18674605113 2.111238E-003
3660.55591657186 2.068549E-003
3660.91251682078 2.031740E-003
3661.25846360827 2.000699E-003
3661.59499163288 1.975473E-003
3661.92289542391 1.956118E-003
3662.24282752631 1.942608E-003
3662.55554281010 1.934818E-003
3662.86203242595 1.932550E-003
3663.16355189375 1.935586E-003
3663.46158119868 1.943731E-003
3663.75775468739 1.956835E-003
3664.05378184381 1.974794E-003
3664.35136334745 1.997524E-003
3664.65209755304 2.024899E-003
3664.95737233245 2.056656E-003
3665.26824679578 2.092971E-003
3665.58534667584 2.132527E-003
3665.90882035044 2.174831E-003
3666.23841291112 2.217754E-003
3666.57369227129 2.259095E-003
3666.91440345407 2.295814E-003
3667.26087324638 2.324637E-003
3667.61438708801 2.341681E-003
3667.97752214421 2.343324E-003
3668.35450990764 2.325605E-003
3668.75179583877 2.285232E-003
3669.17910702877 2.219273E-003
3669.65170040919 2.125210E-003
3670.19556847946 2.000644E-003
3670.86095935837 1.842338E-003
3671.75266269241 1.777183E-003
3672.87283526147 1.826222E-003
3673.86270457417 1.880534E-003
3674.63014487141 1.918035E-003
3675.31143068200 1.930576E-003
3675.97704163333 1.906441E-003
3676.67187170350 1.974977E-003
3677.43655725097 2.072444E-003
3678.32188749914 2.125698E-003
3679.41849681927 2.131325E-003
3680.85114107671 2.123540E-003
3682.32767695375 2.156908E-003
3683.48068581479 2.205199E-003
3684.46414485159 2.243477E-003
3685.44486293245 2.279004E-003
3686.45144212144 2.308836E-003
3687.41204501017 2.300375E-003
3688.31475098427 2.237328E-003
3689.18932715773 2.286704E-003
3690.06361927034 2.429684E-003
3691.00174054364 2.462774E-003
3692.21045088913 2.341450E-003
3694.07541404653 2.035346E-003
3695.40054989129 1.825294E-003
3696.09362122504 1.791468E-003
3696.63710114671 1.851452E-003
3697.10321150198 1.885171E-003
3697.52213996385 1.897577E-003
3697.91002201345 1.892933E-003
3698.27675015934 1.874941E-003
3698.62902384051 1.847347E-003
3698.97177967920 1.813194E-003
3699.30894630253 1.774842E-003
3699.64388483034 1.734305E-003
3699.97968460894 1.693457E-003
3700.31941406587 1.653509E-003
3700.66640575760 1.615161E-003
3701.02466407386 1.578952E-003
3701.39952318182 1.545058E-003
3701.79873693898 1.513313E-003
3702.23400779488 1.483193E-003
3702.72048492430 1.453868E-003
3703.25801061694 1.425041E-003
3703.78922213447 1.398774E-003
3704.24935060306 1.377372E-003
3704.63354014264 1.360574E-003
3704.96391874488 1.347203E-003
3705.25765466969 1.336482E-003
3705.52513799896 1.327449E-003
3705.77284550235 1.320163E-003
3706.00510128514 1.313791E-003
3706.22498795728 1.308464E-003
3706.43483261758 1.303622E-003
3706.63647996108 1.299223E-003
3706.83145364963 1.295019E-003
3707.02105632580 1.290740E-003
3707.20643471401 1.286405E-003
3707.38862435154 1.281559E-003
3707.56858228050 1.276392E-003
3707.74721266366 1.270351E-003
3707.92538841607 1.263677E-003
3708.10397090089 1.255832E-003
3708.28382917395 1.246990E-003
3708.46585999759 1.236741E-003
3708.65100978532 1.225099E-003
3708.84029975154 1.211881E-003
3709.03485582746 1.196902E-003
3709.23594541595 1.180259E-003
3709.44502390150 1.161623E-003
3709.66379522270 1.141350E-003
3709.89429317686 1.119165E-003
3710.13899432901 1.095550E-003
3710.40098133295 1.077494E-003
3710.68419154003 1.101967E-003
3710.99382100891 1.123813E-003
3711.33703864862 1.143100E-003
3711.72439105985 1.160048E-003
3712.17296396559 1.174992E-003
3712.71480379841 1.188879E-003
3713.42377238299 1.200991E-003
3714.36971989597 1.201900E-003
3714.99819098320 1.187116E-003
3715.60819977399 1.156952E-003
3716.35220342056 1.097096E-003
3717.09609205658 1.093877E-003
3717.83820429998 1.146272E-003
3718.59027473801 1.171425E-003
3719.35802991878 1.173998E-003
3720.16090050515 1.162692E-003
3721.07758447470 1.142617E-003
3722.14779403085 1.112925E-003
3724.83426180197 9.475681E-004
3725.00074737321 9.317516E-004
3725.19048883701 9.361809E-004
3725.37462043715 9.418287E-004
3725.55601387091 9.453992E-004
3725.73574116228 9.559852E-004
3725.91466005660 9.645237E-004
3726.09342202528 9.710875E-004
3726.27252132223 9.757264E-004
3726.45232504179 9.784060E-004
3726.63309347920 9.791891E-004
3726.81499471904 9.781607E-004
3726.99811626244 9.754285E-004
3727.18247568274 9.711195E-004
3727.36803167215 9.653766E-004
3727.55469627761 9.583523E-004
3727.74234858412 9.502030E-004
3727.93084960835 9.410829E-004
3728.12005776927 9.311382E-004
3728.30984406602 9.205030E-004
3728.50010605106 9.094840E-004
3728.69077983235 8.980404E-004
3728.88184962418 8.862380E-004
3729.07335472051 8.742551E-004
3729.26539411646 8.622321E-004
3729.45812930446 8.500154E-004
3729.65178600532 8.379393E-004
3729.84665577897 8.257663E-004
3730.04309863808 8.137399E-004
3730.24154802960 8.016673E-004
3730.44251994946 7.899853E-004
3730.64662865978 7.900739E-004
3730.85461273060 7.898941E-004
3731.06737738566 7.894544E-004
3731.28606331769 7.886823E-004
3731.51216025567 7.875621E-004
3731.74770029689 7.860784E-004
3731.99560330884 7.842001E-004
3732.26033855455 7.820366E-004
3732.54932429241 7.793731E-004
3732.87634876883 7.759871E-004
3733.27199368310 7.710936E-004
3733.82631610725 7.617972E-004
3734.29132285143 7.504702E-004
3734.96830953204 7.264970E-004
3735.56795586489 6.972067E-004
3736.13750227488 7.072899E-004
3736.69557544864 7.245275E-004
3737.31114272196 7.471090E-004
3738.20812444422 7.871722E-004
3739.03257493774 8.301355E-004
3739.57123223264 8.593740E-004
3739.93839718140 8.787256E-004
3740.23950654293 8.937634E-004
3740.50229680869 9.059921E-004
3740.73926201713 9.161927E-004
3740.95724196120 9.248331E-004
3741.16043307838 9.322307E-004
3741.35160964679 9.386579E-004
3741.53270375889 9.444111E-004
3741.70511237649 9.495010E-004
3741.86987366869 9.540310E-004
3742.02777503927 9.581657E-004
3742.17942295370 9.621071E-004
3742.32529019392 9.656922E-004
3742.46574913441 9.690886E-004
3742.60109598917 9.724050E-004
3742.73156899172 9.754300E-004
3742.85736233867 9.785203E-004
3742.97863706215 9.813720E-004
3743.09552959467 9.841784E-004
3743.20815854296 9.868594E-004
3743.31663003397 9.953318E-004
3743.42104189886 1.004038E-003
3743.52148689962 1.012434E-003
3743.71425293823 1.029082E-003
3743.90014894618 1.045339E-003
3744.07136070375 1.060404E-003
3744.38278378679 1.087962E-003
3744.66900719117 1.112607E-003
3744.90258214176 1.131597E-003
3745.08484568781 1.155446E-003
3745.22365095216 1.179923E-003
3745.32776487112 1.197797E-003
3745.40512498099 1.210748E-003
3745.46232207324 1.220221E-003
3745.50457630499 1.227117E-003
3745.53591209820 1.232098E-003
3745.55938937240 1.235752E-003
3745.57732359262 1.238622E-003
3745.59146642167 1.240887E-003
3745.60313946159 1.242739E-003
3745.61332852656 1.244341E-003
3745.62275776797 1.245811E-003
3745.63196053494 1.247236E-003
3745.65074040391 1.250110E-003
3745.67058789249 1.253097E-003
3745.69426869916 1.256593E-003
3745.72360551710 1.261065E-003
3745.76083605977 1.266612E-003
3745.80872483439 1.273463E-003
3745.87084991365 1.282272E-003
3745.95190854386 1.293158E-003
3746.05814589569 1.306899E-003
3746.19795695319 1.323434E-003
3746.38276606251 1.342874E-003
3746.62834226393 1.363642E-003
3746.95676761892 1.382063E-003
3747.39907897307 1.389968E-003
3747.99663541180 1.372285E-003
3748.78921843669 1.310619E-003
3750.00000000000 1.174425E-003
