3250.00000000000 1.398735E-004
3250.49478615790 1.403962E-004
3250.66951315653 1.405853E-004
3251.01525893866 1.409667E-004
3251.35574497284 1.413521E-004
3251.69106123075 1.417415E-004
3252.02118694777 1.421350E-004
3252.34610770893 1.425324E-004
3252.66581538181 1.429338E-004
3252.98030808694 1.433391E-004
3253.28959012673 1.437481E-004
3253.59367187504 1.441610E-004
3253.89256963031 1.445776E-004
3254.18630543511 1.449979E-004
3254.47490686566 1.454218E-004
3254.75840679486 1.458493E-004
3255.03684313267 1.462851E-004
3255.31025854759 1.467258E-004
3255.57870017326 1.471699E-004
3255.84221930368 1.476174E-004
3256.10087108080 1.480682E-004
3256.35471417792 1.485223E-004
3256.60381048185 1.489796E-004
3256.84822477695 1.494401E-004
3257.08802443350 1.499036E-004
3257.32327910278 1.503703E-004
3257.55406042073 1.508399E-004
3257.78044172201 1.513125E-004
3258.00249776574 1.517881E-004
3258.22030447403 1.522665E-004
3258.43393868427 1.527478E-004
3258.64347791549 1.532319E-004
3258.84900014954 1.537187E-004
3259.05058362688 1.542221E-004
3259.24830665736 1.548923E-004
3259.44224744546 1.555751E-004
3259.63248393009 1.562595E-004
3259.81909363822 1.569453E-004
3260.00215355220 1.576325E-004
3260.18173998988 1.583210E-004
3260.35792849732 1.590106E-004
3260.53079375311 1.597012E-004
3260.70040948384 1.603928E-004
3260.86684839012 1.610853E-004
3261.03018208219 1.617784E-004
3261.19048102476 1.624723E-004
3261.34781449026 1.631667E-004
3261.50225051987 1.638616E-004
3261.65385589179 1.645658E-004
3261.80269609602 1.652742E-004
3261.94883531526 1.659830E-004
3262.09233641115 1.666920E-004
3262.23326091563 1.674013E-004
3262.37166902663 1.681107E-004
3262.50761960796 1.688202E-004
3262.64117019266 1.695296E-004
3262.77237698964 1.702390E-004
3262.90129489320 1.709481E-004
3263.02797749500 1.716570E-004
3263.15247709833 1.723655E-004
3263.27484473420 1.730786E-004
3263.39513017921 1.738006E-004
3263.51338197473 1.745222E-004
3263.62964744741 1.752433E-004
3263.74397273061 1.759640E-004
3263.85640278672 1.766840E-004
3263.96698143009 1.774034E-004
3264.07575135058 1.781220E-004
3264.18275413744 1.788399E-004
3264.28803030346 1.795569E-004
3264.39161930935 1.802729E-004
3264.49355958815 1.809880E-004
3264.59388856967 1.817124E-004
3264.69264270483 1.824411E-004
3264.78985748988 1.831688E-004
3264.88556749040 1.838953E-004
3264.97980636510 1.846208E-004
3265.07260688927 1.853450E-004
3265.16400097795 1.860679E-004
3265.25401970875 1.867895E-004
3265.34269334422 1.875096E-004
3265.43005135392 1.882283E-004
3265.51612243598 1.889454E-004
3265.60093453824 1.896699E-004
3265.68451487902 1.904009E-004
3265.76688996729 1.911304E-004
3265.84808562251 1.918583E-004
3265.92812699393 1.925845E-004
3266.00703857947 1.933090E-004
3266.08484424404 1.940316E-004
3266.16156723752 1.947524E-004
3266.23723021220 1.954712E-004
3266.31185523972 1.961880E-004
3266.38546382767 1.969027E-004
3266.45807693563 1.976305E-004
3266.52971499084 1.983595E-004
3266.60039790339 1.990864E-004
3266.67014508097 1.998112E-004
3266.73897544328 2.005338E-004
3266.80690743594 2.012541E-004
3266.87395904402 2.019720E-004
3266.94014780521 2.027551E-004
3267.00549082254 2.035542E-004
3267.07000477683 2.043524E-004
3267.13370593861 2.051496E-004
3267.19661017989 2.059457E-004
3267.25873298536 2.067407E-004
3267.32008946343 2.075345E-004
3267.38069435686 2.083270E-004
3267.44056205305 2.091646E-004
3267.49970659408 2.101215E-004
3267.55814168639 2.110798E-004
3267.61588071020 2.120393E-004
3267.67293672864 2.130001E-004
3267.72932249660 2.139620E-004
3267.78505046927 2.149250E-004
3267.84013281051 2.158890E-004
3267.89458140087 2.168539E-004
3267.94840784545 2.178198E-004
3268.00162348143 2.187865E-004
3268.05423938546 2.197539E-004
3268.10626638078 2.207221E-004
3268.15771504412 2.216909E-004
3268.20859571238 2.226603E-004
3268.25891848917 2.236302E-004
3268.30869325111 2.246005E-004
3268.35792965389 2.255713E-004
3268.40663713825 2.265423E-004
3268.45482493569 2.275135E-004
3268.50250207407 2.284849E-004
3268.54967738299 2.294564E-004
3268.59635949909 2.304280E-004
3268.64255687107 2.313994E-004
3268.68827776466 2.323708E-004
3268.73353026741 2.333420E-004
3268.77832229334 2.343129E-004
3268.82266158745 2.352834E-004
3268.86655573008 2.362536E-004
3268.91001214117 2.372232E-004
3268.95303808437 2.381923E-004
3268.99564067108 2.391607E-004
3269.03782686429 2.401388E-004
3269.07960348236 2.411165E-004
3269.12097720270 2.420935E-004
3269.16195456532 2.430699E-004
3269.20254197627 2.440454E-004
3269.24274571100 2.450201E-004
3269.28257191762 2.459939E-004
3269.32202662006 2.469667E-004
3269.36111572114 2.479384E-004
3269.39984500556 2.489089E-004
3269.43822014280 2.498781E-004
3269.47624668994 2.508461E-004
3269.51393009439 2.518126E-004
3269.55127569656 2.527775E-004
3269.58828873245 2.537409E-004
3269.62497433615 2.547027E-004
3269.66133754230 2.556626E-004
3269.69738328846 2.566208E-004
3269.73311641743 2.575770E-004
3269.76854167947 2.585356E-004
3269.80366373454 2.595025E-004
3269.83848715436 2.604675E-004
3269.87301642451 2.614305E-004
3269.90725594647 2.623913E-004
3269.94121003952 2.633500E-004
3269.97488294267 2.643064E-004
3270.00827881653 2.652605E-004
3270.04140174509 2.662121E-004
3270.07425573748 2.671612E-004
3270.10684472968 2.681076E-004
3270.13917258619 2.690513E-004
3270.17124310162 2.699922E-004
3270.20306000232 2.709302E-004
3270.23462694785 2.718652E-004
3270.26594753252 2.727972E-004
3270.29702528683 2.737299E-004
3270.32786367889 2.746736E-004
3270.35846611578 2.756142E-004
3270.38883594495 2.765516E-004
3270.41897645546 2.774858E-004
3270.44889087931 2.784166E-004
3270.47858239266 2.793439E-004
3270.50805411704 2.802676E-004
3270.53730912056 2.811877E-004
3270.56635041903 2.821041E-004
3270.59518097708 2.830166E-004
3270.62380370928 2.839252E-004
3270.65222148121 2.848297E-004
3270.68043711047 2.857301E-004
3270.70845336770 2.866273E-004
3270.73627297762 2.875403E-004
3270.76389861992 2.884491E-004
3270.79133293024 2.893537E-004
3270.81857850111 2.902540E-004
3270.84563788281 2.911498E-004
3270.87251358424 2.920411E-004
3270.89920807381 2.929278E-004
3270.92572378025 2.938098E-004
3270.95206309342 2.946869E-004
3270.97822836509 2.955591E-004
3271.00422190977 2.964264E-004
3271.03004600540 2.972885E-004
3271.05570289410 2.981476E-004
3271.08119478295 2.990229E-004
3271.10652384460 2.998931E-004
3271.13169221805 3.007581E-004
3271.15670200922 3.016177E-004
3271.18155529172 3.024719E-004
3271.20625410738 3.033206E-004
3271.23080046695 3.041637E-004
3271.25519635069 3.050011E-004
3271.27944370894 3.058326E-004
3271.30354446275 3.066583E-004
3271.32750050441 3.074779E-004
3271.35131369801 3.082915E-004
3271.37498588002 3.091247E-004
3271.39851885978 3.099521E-004
3271.42191442004 3.107733E-004
3271.44517431747 3.115883E-004
3271.46830028314 3.123970E-004
3271.49129402302 3.131992E-004
3271.51415721846 3.139950E-004
3271.53689152663 3.147841E-004
3271.55949858101 3.155666E-004
3271.58197999179 3.163422E-004
3271.60433734636 3.171110E-004
3271.62657220967 3.178877E-004
3271.64868612470 3.186706E-004
3271.67068061284 3.194467E-004
3271.69255717428 3.202157E-004
3271.71431728844 3.209776E-004
3271.73596241498 3.217324E-004
3271.77889005945 3.232191E-004
3271.82133664317 3.246746E-004
3271.86335410326 3.261160E-004
3271.90495296649 3.275703E-004
3271.94614355609 3.289936E-004
3271.98693592568 3.303854E-004
3272.02733986885 3.317448E-004
3272.06736492817 3.330712E-004
3272.10702040390 3.344250E-004
3272.14631536235 3.357477E-004
3272.18525864384 3.370362E-004
3272.22385887046 3.382900E-004
3272.26212445340 3.395084E-004
3272.30006360009 3.407442E-004
3272.33768432104 3.419570E-004
3272.37499443637 3.431333E-004
3272.41200158217 3.442727E-004
3272.44871321656 3.453745E-004
3272.48513662554 3.464912E-004
3272.52127892864 3.475856E-004
3272.55714708433 3.486416E-004
3272.59274789525 3.496586E-004
3272.62808801325 3.506362E-004
3272.66317394425 3.516327E-004
3272.69801205288 3.526014E-004
3272.73260856707 3.535298E-004
3272.76696958230 3.544176E-004
3272.80110106590 3.552642E-004
3272.83500886101 3.561397E-004
3272.86869869058 3.569763E-004
3272.90217616108 3.577712E-004
3272.93544676617 3.585240E-004
3272.96851589025 3.592461E-004
3273.00138881183 3.599881E-004
3273.03407070685 3.606875E-004
3273.06656665187 3.613440E-004
3273.09888162711 3.619574E-004
3273.13102051949 3.625570E-004
3273.16298812546 3.631590E-004
3273.19478915385 3.637174E-004
3273.22642822854 3.642323E-004
3273.25790989108 3.647033E-004
3273.28923860324 3.651801E-004
3273.32041874949 3.656393E-004
3273.35145463935 3.660545E-004
3273.38235050976 3.664257E-004
3273.41311052727 3.667527E-004
3273.44373879025 3.671067E-004
3273.47423933103 3.674220E-004
3273.50461611793 3.676931E-004
3273.53487305726 3.679201E-004
3273.56501399538 3.681189E-004
3273.62497174350 3.685060E-004
3273.68457285915 3.687174E-004
3273.74379250888 3.688668E-004
3273.80265845383 3.688816E-004
3273.86119783415 3.687789E-004
3273.91943711380 3.686005E-004
3273.97740212587 3.682515E-004
3274.03511811613 3.678812E-004
3274.14996157451 3.667315E-004
3274.26455214039 3.651557E-004
3274.37869200834 3.632145E-004
3274.49255749635 3.608968E-004
3274.60632331723 3.581961E-004
3274.72016084818 3.551272E-004
3274.83423907971 3.517053E-004
3274.94872556700 3.480448E-004
3275.06378737395 3.461514E-004
3275.17959202062 3.443603E-004
3275.29630844485 3.423278E-004
3275.41410798913 3.400187E-004
3275.53316542337 3.374101E-004
3275.65366001489 3.346411E-004
3275.77577665718 3.316004E-004
3275.89970706942 3.283670E-004
3276.02565107952 3.249510E-004
3276.15381800395 3.213298E-004
3276.28442813855 3.175902E-004
3276.41771437493 3.136517E-004
3276.55392395782 3.096336E-004
3276.69332039889 3.054406E-004
3276.83618556232 3.011815E-004
3276.98282193633 2.967876E-004
3277.13355510258 2.923168E-004
3277.28873641102 2.877658E-004
3277.44874586057 2.831040E-004
3277.61399517475 2.784292E-004
3277.78493104392 2.736531E-004
3277.96203847974 2.688124E-004
3278.14584419033 2.639476E-004
3278.33691983090 2.590021E-004
3278.53588491218 2.539816E-004
3278.74340905274 2.489516E-004
3278.96021314267 2.438471E-004
3279.18706885680 2.386655E-004
3279.42479585050 2.346584E-004
3279.67425597896 2.313630E-004
3279.93634419187 2.281892E-004
3280.21197674780 2.251953E-004
3280.50207977038 2.224438E-004
3280.80758613911 2.209638E-004
3281.12945818534 2.210086E-004
3281.46877047082 2.217575E-004
3281.82691530330 2.229240E-004
3282.20604186489 2.251740E-004
3282.60993150568 2.274809E-004
3283.04572732271 2.293175E-004
3283.52756295850 2.298778E-004
3284.08528855686 2.328280E-004
3284.79003330076 2.364282E-004
3285.83244733087 2.303454E-004
3287.38396153167 2.113603E-004
3289.19308211227 1.928919E-004
3291.11729781060 1.810916E-004
3293.24664212116 1.795712E-004
3295.66575133273 1.779364E-004
3298.44756572325 1.765605E-004
3301.66131162177 1.756271E-004
3305.24041122879 1.804021E-004
3308.38408272285 1.870637E-004
3310.85309504095 1.945112E-004
3312.56842268396 2.014427E-004
3313.75784309787 2.076356E-004
3314.63897652685 2.154448E-004
3315.32779371682 2.226259E-004
3315.88748745486 2.292868E-004
3316.35538635379 2.354901E-004
3316.75515360124 2.412792E-004
3317.10265092638 2.467428E-004
3317.40898985792 2.518392E-004
3317.68223481186 2.565806E-004
3317.92841086711 2.610683E-004
3318.15212968604 2.652289E-004
3318.35699428643 2.690984E-004
3318.54586987979 2.727303E-004
3318.72107044471 2.760607E-004
3318.88449052189 2.791829E-004
3319.03770037511 2.820468E-004
3319.18201603831 2.846715E-004
3319.31855176690 2.871067E-004
3319.44825992026 2.892816E-004
3319.57196171077 2.913106E-004
3319.69037121297 2.931049E-004
3319.80411433011 2.947189E-004
3319.91374394128 2.961601E-004
3320.01975212356 2.973827E-004
3320.12258011212 2.984935E-004
3320.22262649595 2.993855E-004
3320.32025402741 3.001420E-004
3320.41579533621 3.007286E-004
3320.50955777392 3.011327E-004
3320.60182756665 3.014247E-004
3320.69287341746 3.015114E-004
3320.78294967276 3.014869E-004
3320.87229914616 3.012864E-004
3320.96115567769 3.009195E-004
3321.04974649470 3.004308E-004
3321.13829443217 2.997366E-004
3321.22702006405 2.989359E-004
3321.31614379378 2.979447E-004
3321.40588794950 2.967852E-004
3321.49647892991 2.954860E-004
3321.67974114765 2.923592E-004
3321.86711269192 2.885600E-004
3322.06228544596 2.840646E-004
3322.26762193745 2.788391E-004
3322.48594425029 2.728140E-004
3322.72067359158 2.659563E-004
3322.97606970732 2.611075E-004
3323.25756830720 2.589687E-004
3323.57227121807 2.556423E-004
3323.92968319059 2.509655E-004
3324.34287461014 2.448193E-004
3324.83044014682 2.371831E-004
3325.42005284732 2.281876E-004
3326.15537663096 2.192293E-004
3327.11023468815 2.127850E-004
3328.41726085301 2.062148E-004
3330.29870715537 2.004414E-004
3332.85239562789 1.968820E-004
3335.62088810678 1.962702E-004
3338.12955833240 1.976277E-004
3340.25536930222 1.999403E-004
3342.06088649661 2.026778E-004
3343.61538178198 2.067768E-004
3344.97097115963 2.114496E-004
3346.16588148884 2.162636E-004
3347.22869748598 2.211715E-004
3348.18130680784 2.262377E-004
3349.04082801286 2.313638E-004
3349.82089198601 2.369488E-004
3350.53251819674 2.435144E-004
3351.18473114512 2.502875E-004
3351.78500510063 2.572392E-004
3352.33959203531 2.643852E-004
3352.85376794873 2.717138E-004
3353.33202091370 2.792203E-004
3353.77819664523 2.869088E-004
3354.19561258399 2.947836E-004
3354.58714828698 3.028262E-004
3354.95531775141 3.110222E-004
3355.30232779812 3.193531E-004
3355.63012558414 3.277960E-004
3355.94043755639 3.363852E-004
3356.23480160787 3.450756E-004
3356.51459379213 3.537979E-004
3356.78105064938 3.626091E-004
3357.03528796947 3.714242E-004
3357.27831664395 3.802196E-004
3357.51105612576 3.889898E-004
3357.73434591225 3.976658E-004
3357.94895538649 4.062164E-004
3358.15559228868 4.146385E-004
3358.35491003914 4.228015E-004
3358.54751409464 4.307615E-004
3358.73396748753 4.404728E-004
3358.91479567169 4.502002E-004
3359.09049077802 4.595618E-004
3359.26151536544 4.685548E-004
3359.42830573924 4.771260E-004
3359.59127489731 4.851720E-004
3359.75081515520 4.926418E-004
3359.90730049323 4.994855E-004
3360.06108866234 5.056547E-004
3360.21252307991 5.111038E-004
3360.36193454256 5.157909E-004
3360.50964277872 5.196785E-004
3360.65595786129 5.227349E-004
3360.80118149751 5.249348E-004
3360.94560821164 5.262596E-004
3361.08952643391 5.266985E-004
3361.23321950800 5.262485E-004
3361.37696662836 5.249176E-004
3361.52104371744 5.227242E-004
3361.66572425275 5.196851E-004
3361.81128005286 5.158293E-004
3361.95798203135 5.111920E-004
3362.10610092750 5.088444E-004
3362.25590802244 5.074053E-004
3362.40767584972 5.052232E-004
3362.56167890916 5.023395E-004
3362.71819439328 4.987993E-004
3362.87750293595 4.946497E-004
3363.03988939320 4.899395E-004
3363.20564366661 4.847177E-004
3363.37506158053 4.790330E-004
3363.54844582466 4.729392E-004
3363.72610697449 4.665638E-004
3363.90836460284 4.598733E-004
3364.09554849649 4.529083E-004
3364.28799999263 4.457125E-004
3364.48607345082 4.384484E-004
3364.69013787646 4.310209E-004
3364.90057871207 4.234945E-004
3365.11779981261 4.159898E-004
3365.34222561963 4.083997E-004
3365.57430354710 4.009168E-004
3365.81450658710 3.934005E-004
3366.06333613686 3.860360E-004
3366.32132503712 3.786891E-004
3366.58904079485 3.715187E-004
3366.86708893678 3.644428E-004
3367.15611640173 3.574836E-004
3367.45681482153 3.507368E-004
3367.76992345566 3.441188E-004
3368.09623142018 3.376475E-004
3368.43657867010 3.313985E-004
3368.79185493055 3.253342E-004
3369.16299539091 3.194459E-004
3369.55097142974 3.137437E-004
3369.95677386455 3.082365E-004
3370.38138514814 3.029541E-004
3370.82573549823 2.978944E-004
3371.29063614355 2.930472E-004
3371.77668087123 2.884216E-004
3372.28410546777 2.840279E-004
3372.81259494980 2.798781E-004
3373.36103372311 2.759860E-004
3373.92720908426 2.723671E-004
3374.50750986826 2.690385E-004
3375.09671101846 2.660175E-004
3375.68798570759 2.633191E-004
3376.27329418374 2.609531E-004
3376.84420363803 2.589210E-004
3377.39299134259 2.572133E-004
3377.91369022768 2.558094E-004
3378.40272274366 2.546795E-004
3378.85897237082 2.537880E-004
3379.28340252996 2.530965E-004
3379.67846718636 2.525672E-004
3380.04753185473 2.521641E-004
3380.39442354398 2.518538E-004
3380.72313894425 2.516052E-004
3381.03769266726 2.513893E-004
3381.34207439564 2.511778E-004
3381.64028925935 2.509432E-004
3381.93646852527 2.506569E-004
3382.23505354482 2.502898E-004
3382.54107597529 2.498108E-004
3382.86058762044 2.491881E-004
3383.20134790747 2.483893E-004
3383.57398898719 2.473834E-004
3383.99413186455 2.461434E-004
3384.48655954563 2.446496E-004
3385.09431386843 2.428939E-004
3385.90108242352 2.408847E-004
3387.09303705891 2.386649E-004
3389.09030390787 2.364603E-004
3392.16659188361 2.351640E-004
3396.72297876510 2.357037E-004
3401.68220805561 2.383287E-004
3406.66887806503 2.425212E-004
3411.61532474315 2.480166E-004
3416.51403252757 2.547317E-004
3421.25444578535 2.625036E-004
3425.74939969690 2.711801E-004
3429.93667602129 2.806246E-004
3433.77430740093 2.907084E-004
3437.23888232326 3.013079E-004
3440.32532143795 3.123084E-004
3443.04564821464 3.236134E-004
3445.42554264322 3.352445E-004
3447.49928262377 3.503426E-004
3449.30459458194 3.659991E-004
3450.87864244915 3.821307E-004
3452.25557089695 3.989153E-004
3453.46539235688 4.162943E-004
3454.53377610169 4.344571E-004
3455.48233165895 4.533706E-004
3456.32910378800 4.732990E-004
3457.08911448513 4.941895E-004
3457.77486960081 5.161851E-004
3458.39679612915 5.394493E-004
3458.96360177958 5.639278E-004
3459.48256077214 5.896187E-004
3459.95973561888 6.164329E-004
3460.40014810056 6.441685E-004
3460.80791566748 6.724954E-004
3461.18637227576 7.011063E-004
3461.53819310993 7.294671E-004
3461.86553782481 7.570115E-004
3462.17021516883 7.834870E-004
3462.45385545155 8.083855E-004
3462.71806296171 8.316066E-004
3462.96451693671 8.531497E-004
3463.19500254077 8.729081E-004
3463.41137751840 8.913561E-004
3463.61550087003 9.083944E-004
3463.80915510170 9.244098E-004
3463.99398443152 9.395631E-004
3464.17145754220 9.540041E-004
3464.34285318992 9.680123E-004
3464.50926246027 9.815681E-004
3464.67160109968 9.949863E-004
3464.83062682704 1.008143E-003
3464.98695831304 1.021354E-003
3465.14109394898 1.034417E-003
3465.29342948600 1.047657E-003
3465.44427418944 1.060774E-003
3465.59386544618 1.074154E-003
3465.74238189203 1.087371E-003
3465.88995516489 1.100837E-003
3466.03668038611 1.114151E-003
3466.18262545412 1.127444E-003
3466.32783921601 1.140676E-003
3466.47235857167 1.153569E-003
3466.61621456172 1.166324E-003
3466.75943749512 1.178687E-003
3466.90206118101 1.190467E-003
3467.04412634001 1.201647E-003
3467.18568328059 1.212248E-003
3467.32679393317 1.221941E-003
3467.46753333914 1.230615E-003
3467.60799069180 1.238157E-003
3467.74827002344 1.244453E-003
3467.88849062667 1.249520E-003
3468.02878729034 1.253118E-003
3468.16931042198 1.255129E-003
3468.31022611943 1.255460E-003
3468.45171624636 1.254033E-003
3468.59397855904 1.250778E-003
3468.73722692561 1.245646E-003
3468.88169167525 1.238599E-003
3469.02762011190 1.229622E-003
3469.17527722681 1.218714E-003
3469.32494664553 1.205895E-003
3469.47693184886 1.191203E-003
3469.63155771284 1.174692E-003
3469.78917242178 1.156434E-003
3469.95014981996 1.136529E-003
3470.11489228299 1.115182E-003
3470.28383421010 1.092400E-003
3470.45744626484 1.068301E-003
3470.63624052562 1.043004E-003
3470.82077675253 1.016632E-003
3471.01167003561 9.894913E-004
3471.20960016895 9.616308E-004
3471.41532320130 9.330722E-004
3471.62968575994 9.065325E-004
3471.85364294693 8.935571E-004
3472.08828089233 8.798326E-004
3472.33484545823 8.654389E-004
3472.59477918496 8.504502E-004
3472.86976946152 8.350336E-004
3473.16181226009 8.192866E-004
3473.47329789791 8.031437E-004
3473.80712870735 7.867120E-004
3474.16688417769 7.701935E-004
3474.55705894590 7.534028E-004
3474.98341671923 7.365785E-004
3475.45353685664 7.196205E-004
3475.97769836410 7.026056E-004
3476.57039443232 6.855125E-004
3477.25312673468 6.683546E-004
3478.06009486595 6.510122E-004
3479.05149245150 6.335314E-004
3480.35167374357 6.155263E-004
3482.29911594169 5.967877E-004
3485.17977076399 5.815543E-004
3487.50817952705 5.768145E-004
3490.20399829065 5.785868E-004
3492.26066593636 5.832444E-004
3493.94966238123 5.888639E-004
3495.41298692204 5.949124E-004
3496.71868481045 6.012679E-004
3497.90531862392 6.078097E-004
3498.99731484477 6.144251E-004
3500.01139093414 6.210822E-004
3500.95965061058 6.277604E-004
3501.85123724934 6.344464E-004
3502.69328949096 6.411714E-004
3503.49152877500 6.479277E-004
3504.25063902006 6.546710E-004
3504.97452225411 6.613994E-004
3505.66647674201 6.681119E-004
3506.32932478751 6.748085E-004
3506.96550676188 6.814894E-004
3507.57715181177 6.881555E-004
3508.16613205749 6.948079E-004
3508.73410484392 7.014506E-004
3509.28254617528 7.081420E-004
3509.81277752958 7.148239E-004
3510.32598762338 7.214981E-004
3510.82325026960 7.281715E-004
3511.30553917360 7.350591E-004
3511.77374030170 7.419502E-004
3512.22866230406 7.488460E-004
3512.67104536303 7.557477E-004
3513.10156875567 7.626566E-004
3513.52085735756 7.695741E-004
3513.92948726801 7.765013E-004
3514.32799070124 7.834397E-004
3514.71686026007 7.903904E-004
3515.09655268696 7.973547E-004
3515.46749217042 8.043339E-004
3515.83007327078 8.113524E-004
3516.18466351885 8.184318E-004
3516.53160573179 8.255318E-004
3516.87122008392 8.326535E-004
3517.20380596380 8.397980E-004
3517.52964364451 8.469663E-004
3517.84899579003 8.541594E-004
3518.16210881721 8.613783E-004
3518.46921413019 8.686237E-004
3518.77052924177 8.758965E-004
3519.06625879441 8.831975E-004
3519.35659549161 8.905528E-004
3519.64172094934 8.980019E-004
3519.92180647585 9.054842E-004
3520.19701378717 9.130001E-004
3520.46749566461 9.205503E-004
3520.73339656021 9.281350E-004
3520.99485315494 9.357546E-004
3521.25199487412 9.434094E-004
3521.50494436422 9.510993E-004
3521.75381793432 9.588363E-004
3521.99872596550 9.667113E-004
3522.23977329107 9.746253E-004
3522.47705954993 9.825783E-004
3522.71067951556 9.905700E-004
3522.94072340253 9.985999E-004
3523.16727715252 1.006668E-003
3523.39042270126 1.014772E-003
3523.61023822823 1.022954E-003
3523.82679839017 1.031273E-003
3524.04017453982 1.039631E-003
3524.25043493093 1.048027E-003
3524.45764491067 1.056460E-003
3524.66186710013 1.064928E-003
3524.86316156410 1.073430E-003
3525.06158597057 1.082051E-003
3525.25719574088 1.090787E-003
3525.45004419111 1.099557E-003
3525.64018266524 1.108358E-003
3525.82766066073 1.117187E-003
3526.01252594696 1.126041E-003
3526.19482467699 1.135028E-003
3526.37460149309 1.144128E-003
3526.55189962645 1.153251E-003
3526.72676099137 1.162392E-003
3526.89922627433 1.171547E-003
3527.06933501825 1.180761E-003
3527.23712570211 1.190165E-003
3527.40263581639 1.199576E-003
3527.56590193446 1.208990E-003
3527.72695978008 1.218398E-003
3527.88584429143 1.227904E-003
3528.04258968165 1.237555E-003
3528.19722949622 1.247191E-003
3528.34979666726 1.256803E-003
3528.50032356500 1.271716E-003
3528.64884204642 1.287512E-003
3528.79538350139 1.303545E-003
3528.93997889627 1.319814E-003
3529.08265881510 1.336318E-003
3529.22345349863 1.353056E-003
3529.36239288110 1.370025E-003
3529.49950662496 1.387221E-003
3529.63482415357 1.404796E-003
3529.76837468201 1.422634E-003
3529.90018724596 1.440699E-003
3530.03029072877 1.458983E-003
3530.15871388677 1.477481E-003
3530.28548537283 1.496184E-003
3530.41063375817 1.515160E-003
3530.53418755260 1.534514E-003
3530.65617522294 1.554059E-003
3530.77662520991 1.573784E-003
3530.89556594334 1.593675E-003
3531.01302585573 1.613724E-003
3531.12903339418 1.634241E-003
3531.24361703072 1.654894E-003
3531.35680527099 1.675666E-003
3531.46862666133 1.696536E-003
3531.57910979420 1.717702E-003
3531.68828331211 1.739620E-003
3531.79617590991 1.764850E-003
3531.90281633559 1.790352E-003
3532.00823338961 1.816068E-003
3532.11245592283 1.841975E-003
3532.21551283317 1.868048E-003
3532.31743306102 1.894261E-003
3532.41824558372 1.920584E-003
3532.51797940898 1.947326E-003
3532.61666356783 1.974146E-003
3532.71432710700 2.001003E-003
3532.81099908112 2.027860E-003
3532.90670854503 2.054690E-003
3533.00148454653 2.081889E-003
3533.09535611980 2.108991E-003
3533.18835228002 2.135950E-003
3533.28050201931 2.162716E-003
3533.37183430460 2.189774E-003
3533.46237807768 2.216602E-003
3533.55216225766 2.243112E-003
3533.64121574642 2.269480E-003
3533.72956743705 2.295859E-003
3533.81724622572 2.321777E-003
3533.90428102700 2.347259E-003
3533.99070079283 2.372826E-003
3534.07653453518 2.397773E-003
3534.16181135223 2.422144E-003
3534.24656045820 2.446495E-003
3534.33081121630 2.470058E-003
3534.41459317495 2.493064E-003
3534.49793610661 2.515766E-003
3534.58087004902 2.537503E-003
3534.66342534855 2.558871E-003
3534.74563270503 2.579471E-003
3534.82752321792 2.599077E-003
3534.90912843318 2.618369E-003
3534.99048039075 2.636413E-003
3535.07161167216 2.653901E-003
3535.15255544803 2.670364E-003
3535.23334552548 2.685775E-003
3535.31401639513 2.700496E-003
3535.39460327784 2.713713E-003
3535.47514217119 2.726543E-003
3535.55566989591 2.737785E-003
3535.63622414254 2.748256E-003
3535.71684351853 2.757400E-003
3535.79756759637 2.765416E-003
3535.87843696312 2.772357E-003
3535.95949327194 2.777840E-003
3536.04077929632 2.782499E-003
3536.20379322016 2.787700E-003
3536.53195383939 2.783254E-003
3536.87140995372 2.759323E-003
3537.22706476938 2.716774E-003
3537.60402335870 2.656290E-003
3538.00867446752 2.684304E-003
3538.44943369416 2.736178E-003
3538.93829434147 2.783288E-003
3539.49458001655 2.831536E-003
3540.15615276785 2.889209E-003
3541.02674614897 2.973685E-003
3541.86507068154 3.059086E-003
3542.97577804264 3.131259E-003
3543.71975255868 3.104805E-003
3544.33982242234 3.182899E-003
3544.90414335501 3.312258E-003
3545.46142301756 3.373666E-003
3546.04064822663 3.378862E-003
3546.66601776348 3.342815E-003
3547.36193483729 3.282176E-003
3548.15528217996 3.218780E-003
3549.07502961998 3.172157E-003
3550.14496324017 3.135784E-003
3551.36836406032 3.041053E-003
3552.73525101325 2.831739E-003
3554.22435880558 2.797045E-003
3555.73923953441 3.039185E-003
3557.13851557881 3.288296E-003
3558.35059341016 3.500511E-003
3559.40952553328 3.688763E-003
3560.37734380581 3.918659E-003
3561.27660469807 4.306279E-003
3562.09985546421 4.754056E-003
3562.84123896268 5.232140E-003
3563.50498967320 5.733603E-003
3564.10020858223 6.253448E-003
3564.63661637964 6.783274E-003
3565.12301899612 7.318900E-003
3565.56698950057 7.850858E-003
3565.97492622756 8.371365E-003
3566.35219446340 8.872529E-003
3566.70326592310 9.346664E-003
3567.03183667816 9.786831E-003
3567.34092431959 1.018735E-002
3567.63295067723 1.054422E-002
3567.90981710196 1.085532E-002
3568.17297786722 1.112037E-002
3568.42351450245 1.134076E-002
3568.66221057097 1.151910E-002
3568.88962365890 1.165939E-002
3569.10615022693 1.176753E-002
3569.31207983372 1.184552E-002
3569.50763739402 1.189870E-002
3569.69301436433 1.193244E-002
3569.86839109515 1.194970E-002
3570.03395281086 1.195308E-002
3570.18990113381 1.194759E-002
3570.33646229605 1.193513E-002
3570.47389256942 1.191703E-002
3570.60248113380 1.189506E-002
3570.72255055329 1.187042E-002
3570.83445512423 1.184489E-002
3570.93857748739 1.181956E-002
3571.03532398771 1.179347E-002
3571.12511929095 1.176647E-002
3571.20840073143 1.174237E-002
3571.28561278620 1.171757E-002
3571.35720197075 1.169426E-002
3571.42361234970 1.167153E-002
3571.48528176387 1.165031E-002
3571.54263880133 1.162881E-002
3571.59610048590 1.161016E-002
3571.64607062136 1.159073E-002
3571.69293871147 1.157271E-002
3571.73707937106 1.155601E-002
3571.77885214958 1.153880E-002
3571.81860170134 1.152218E-002
3571.85665825408 1.151379E-002
3571.89333834487 1.151053E-002
3571.92894580786 1.150699E-002
3571.96377300799 1.150318E-002
3571.99810231920 1.149926E-002
3572.03220784353 1.149688E-002
3572.06635736207 1.149417E-002
3572.10081450281 1.149111E-002
3572.13584110639 1.148766E-002
3572.17169977115 1.148380E-002
3572.20865656408 1.148056E-002
3572.24698389383 1.147789E-002
3572.28696355507 1.147468E-002
3572.32888996887 1.147086E-002
3572.37307366066 1.146634E-002
3572.41984503594 1.146290E-002
3572.46955853486 1.145943E-002
3572.52259727092 1.145500E-002
3572.57937828920 1.144944E-002
3572.64035861876 1.144563E-002
3572.70604234591 1.144078E-002
3572.77698900781 1.143427E-002
3572.85382370754 1.142946E-002
3572.93724949798 1.142302E-002
3573.02806279274 1.141602E-002
3573.12717287115 1.140895E-002
3573.23562699711 1.140047E-002
3573.35464333668 1.139137E-002
3573.48565482515 1.138162E-002
3573.63036849029 1.136938E-002
3573.79084648665 1.135622E-002
3573.96961680546 1.134199E-002
3574.16982131176 1.132551E-002
3574.39539927715 1.130684E-002
3574.65126285180 1.128602E-002
3574.94328142085 1.126563E-002
3575.27752301761 1.124047E-002
3575.65766006437 1.120956E-002
3576.08033372913 1.115989E-002
3576.53335507164 1.107234E-002
3577.00260640344 1.092444E-002
3577.47969550704 1.071281E-002
3577.96054839485 1.044156E-002
3578.44085279690 1.013954E-002
3578.91699724479 9.831621E-003
3579.39167668747 9.590611E-003
3579.87824791061 9.450958E-003
3580.40472325296 9.653820E-003
3581.01887482409 1.000609E-002
3581.70360338080 1.008395E-002
3582.28545410946 9.945008E-003
3582.72255789599 9.764372E-003
3583.07483077960 9.600792E-003
3583.37792343800 9.463240E-003
3583.64889869783 9.353409E-003
3583.89725051504 9.434751E-003
3584.12889035936 9.660046E-003
3584.34779776537 9.853629E-003
3584.55681160940 1.001919E-002
3584.75805180188 1.016162E-002
3584.95316268377 1.028271E-002
3585.14346255200 1.038436E-002
3585.33004023478 1.046901E-002
3585.51382006264 1.053892E-002
3585.69560703401 1.059617E-002
3585.87611899883 1.064272E-002
3586.05600994005 1.068035E-002
3586.23588684528 1.071074E-002
3586.41632169988 1.073542E-002
3586.59785952896 1.075583E-002
3586.78102302395 1.077333E-002
3586.96631403260 1.078917E-002
3587.15421203026 1.080456E-002
3587.34516960842 1.082065E-002
3587.53960501295 1.083854E-002
3587.73789184669 1.085929E-002
3587.94034623064 1.088490E-002
3588.14721200033 1.091524E-002
3588.35864488878 1.095094E-002
3588.57469707636 1.108301E-002
3588.79530389504 1.122755E-002
3589.02027474700 1.137794E-002
3589.24929030714 1.153451E-002
3589.48190771593 1.169736E-002
3589.71757469763 1.186623E-002
3589.95565243534 1.204046E-002
3590.19544579373 1.221893E-002
3590.43623837145 1.239997E-002
3590.67732914846 1.258131E-002
3590.91806733022 1.276008E-002
3591.15788239639 1.293598E-002
3591.39630721111 1.310351E-002
3591.63299313248 1.325824E-002
3591.86771714563 1.342197E-002
3592.10038194932 1.400424E-002
3592.33101053649 1.456928E-002
3592.55973708296 1.510870E-002
3592.78679591752 1.561399E-002
3593.01251006050 1.607688E-002
3593.23728038374 1.648977E-002
3593.46157596892 1.684604E-002
3593.68592581480 1.714039E-002
3593.91091173031 1.736904E-002
3594.13716207241 1.752992E-002
3594.36534593324 1.762382E-002
3594.59616741373 1.765276E-002
3594.83035969560 1.761786E-002
3595.06867869799 1.752359E-002
3595.31189614183 1.737567E-002
3595.56079181129 1.718083E-002
3595.81614465876 1.694650E-002
3596.07872209301 1.668045E-002
3596.34926624602 1.639055E-002
3596.62847513671 1.608447E-002
3596.91697536009 1.576950E-002
3597.21528126053 1.545232E-002
3597.52373390102 1.514024E-002
3597.84241280771 1.483805E-002
3598.17101742268 1.454808E-002
3598.50872845618 1.427239E-002
3598.85408651588 1.401104E-002
3599.20496158434 1.376154E-002
3599.55870414851 1.351850E-002
3599.91252172861 1.327354E-002
3600.60798178895 1.273629E-002
3601.27544870301 1.207453E-002
3601.92849358995 1.121191E-002
3602.59161536198 1.011086E-002
3603.29391181299 8.787170E-003
3604.05926590203 7.333108E-003
3604.88228398884 7.074601E-003
3605.71297273511 6.874057E-003
3606.49834007687 6.707839E-003
3607.22313558587 6.764447E-003
3607.89902737033 6.861388E-003
3608.54624404288 6.989521E-003
3609.18816044498 7.146144E-003
3609.85242058766 7.335219E-003
3610.57511615359 7.584227E-003
3611.40929952511 7.957761E-003
3612.45743853016 8.574369E-003
3614.32468117340 9.737912E-003
3616.32038902791 1.013653E-002
3617.06665912617 9.895017E-003
3617.82160059254 9.369876E-003
3618.61361302499 8.567673E-003
3619.50772876287 7.539809E-003
3620.58058706789 6.404462E-003
3621.96228081511 5.526680E-003
3623.75579807800 4.774230E-003
3627.33017498720 4.014748E-003
3628.11596028422 4.032141E-003
3628.94241466063 3.986205E-003
3629.77797423868 4.085443E-003
3630.74478257726 4.294113E-003
3631.54648380778 4.294929E-003
3632.37689305205 4.147924E-003
3634.41760950500 3.314573E-003
3634.64236286288 3.206688E-003
3634.86926345861 3.217356E-003
3635.10550511332 3.232208E-003
3635.35740430897 3.247095E-003
3635.63438404797 3.259432E-003
3635.95257747072 3.266343E-003
3636.34345700946 3.262632E-003
3636.86667114930 3.236143E-003
3637.52193078249 3.178321E-003
3638.18644660623 3.110474E-003
3638.81870130967 3.054172E-003
3639.49298815943 3.012593E-003
3640.33697430051 2.986263E-003
3641.13238935330 2.968552E-003
3641.74820766642 2.945733E-003
3642.20487794291 2.918284E-003
3642.59194894768 2.887678E-003
3642.94272751109 2.853254E-003
3643.27312432861 2.815353E-003
3643.59243637082 2.772399E-003
3643.90686572273 2.724167E-003
3644.22077784851 2.668732E-003
3644.53684746066 2.605062E-003
3644.85536381371 2.533369E-003
3645.17316007605 2.496861E-003
3645.48363439675 2.545674E-003
3645.77925896402 2.578313E-003
3646.05501319785 2.596427E-003
3646.30966174221 2.602749E-003
3646.54465395702 2.600931E-003
3646.76253721850 2.592689E-003
3646.96597184389 2.580149E-003
3647.15733423150 2.564691E-003
3647.33862665092 2.553626E-003
3647.51150488299 2.541670E-003
3647.67733808218 2.527736E-003
3647.83726915782 2.512025E-003
3647.99226638658 2.494721E-003
3648.14316514777 2.476633E-003
3648.29070122815 2.457087E-003
3648.43553766830 2.436428E-003
3648.57828700783 2.415013E-003
3648.71953054349 2.392224E-003
3648.85983602255 2.369113E-003
3648.99977512067 2.344631E-003
3649.13994213591 2.321385E-003
3649.28097562232 2.324017E-003
3649.42358528357 2.326281E-003
3649.56858753525 2.328114E-003
3649.71695507550 2.329917E-003
3649.86988924551 2.332180E-003
3650.02893017759 2.335507E-003
3650.19613096581 2.340740E-003
3650.37434130319 2.349013E-003
3650.56766934125 2.361594E-003
3650.78214553787 2.380644E-003
3651.02593466179 2.409347E-003
3651.30429061826 2.451240E-003
3651.60047001704 2.505133E-003
3651.87868161161 2.562912E-003
3652.11965619405 2.615355E-003
3652.32688699318 2.661201E-003
3652.50952015899 2.700044E-003
3652.67451720795 2.733857E-003
3652.82651020511 2.762509E-003
3652.96861191088 2.787155E-003
3653.10298898900 2.807987E-003
3653.23120537528 2.825307E-003
3653.35442723032 2.839747E-003
3653.47354885571 2.850940E-003
3653.58927278393 2.859943E-003
3653.70216245303 2.865891E-003
3653.81267791647 2.870162E-003
3653.92120071072 2.871589E-003
3654.02805158541 2.871670E-003
3654.13350340738 2.869146E-003
3654.23779072114 2.865540E-003
3654.34111694141 2.859613E-003
3654.44365983444 2.852711E-003
3654.54557573931 2.843869E-003
3654.64700284503 2.834028E-003
3654.74806374816 2.822716E-003
3654.84886745350 2.810254E-003
3654.94951093676 2.796885E-003
3655.15067510689 2.767042E-003
3655.35257981811 2.733724E-003
3655.55529525811 2.697904E-003
3655.75909239905 2.660257E-003
3655.96411273708 2.620843E-003
3656.17036527851 2.580783E-003
3656.37772446243 2.540252E-003
3656.58593114553 2.499819E-003
3656.79460015469 2.459867E-003
3657.00323737312 2.420957E-003
3657.21126780858 2.382918E-003
3657.41807363297 2.346756E-003
3657.62303836434 2.312101E-003
3657.82559120782 2.279039E-003
3658.02524504269 2.247794E-003
3658.22162294819 2.218615E-003
3658.41447091703 2.191103E-003
3658.60365738885 2.165213E-003
3658.78916242484 2.140870E-003
3658.97106028457 2.117988E-003
3659.14949899745 2.096478E-003
3659.32467969995 2.076273E-003
3659.49683750576 2.057394E-003
3659.66622479882 2.039632E-003
3659.83309722151 2.022944E-003
3659.99770227577 2.007303E-003
3660.16027031033 1.992697E-003
3660.32100765870 1.979129E-003
3660.48009175763 1.966614E-003
3660.63766815853 1.955178E-003
3660.79384940826 1.944852E-003
3660.94871579053 1.935673E-003
3661.10231787375 1.927675E-003
3661.25468070792 1.920905E-003
3661.40580937377 1.915489E-003
3661.55569544690 1.911349E-003
3661.70432383860 1.908495E-003
3661.85167944486 1.906932E-003
3661.99775308837 1.906655E-003
3662.14254636450 1.907651E-003
3662.28607516989 1.909900E-003
3662.42837186616 1.913380E-003
3662.56948617644 1.918059E-003
3662.70948501131 1.923909E-003
3662.84845146743 1.930895E-003
3662.98648324479 1.938982E-003
3663.12369069927 1.948137E-003
3663.26019470200 1.958324E-003
3663.39612442640 1.969509E-003
3663.53161513721 1.981656E-003
3663.66680601710 1.994729E-003
3663.80183803876 2.008692E-003
3663.93685187213 2.023503E-003
3664.07198580929 2.039120E-003
3664.20737369078 2.055493E-003
3664.34314282731 2.072566E-003
3664.47941192845 2.090593E-003
3664.61628907472 2.109276E-003
3664.75386979937 2.128487E-003
3664.89223537917 2.148122E-003
3665.03145146532 2.168282E-003
3665.17156721093 2.189029E-003
3665.31261506378 2.209827E-003
3665.45461138521 2.230743E-003
3665.59755802366 2.251899E-003
3665.74144491219 2.272491E-003
3665.88625367912 2.293187E-003
3666.03196216898 2.312866E-003
3666.17854968409 2.332159E-003
3666.32600269116 2.349937E-003
3666.47432070813 2.366822E-003
3666.62352209964 2.381859E-003
3666.77364956478 2.394766E-003
3666.92477518732 2.405902E-003
3667.07700502278 2.414313E-003
3667.23048330327 2.419747E-003
3667.53983814541 2.421117E-003
3667.85601806839 2.408078E-003
3668.18375324215 2.378313E-003
3668.52736028289 2.330185E-003
3668.89287166676 2.262366E-003
3669.28891394118 2.174134E-003
3669.72843105465 2.064553E-003
3670.23222696588 1.932940E-003
3670.83639257006 1.825483E-003
3671.60117905242 1.852604E-003
3672.53662955918 1.891899E-003
3673.44442333813 1.939546E-003
3674.20065313058 1.975352E-003
3674.86557552356 1.987770E-003
3675.50043206767 1.966662E-003
3676.14365278777 1.900408E-003
3676.82359517641 1.997209E-003
3677.56718683943 2.061812E-003
3678.41522726074 2.079806E-003
3679.45163612250 2.061303E-003
3680.81740390480 2.040710E-003
3682.27297340628 2.074752E-003
3683.41632707276 2.141146E-003
3684.33187730842 2.204286E-003
3685.17217022311 2.258077E-003
3685.98351519487 2.294237E-003
3686.76877216139 2.296743E-003
3687.53658228602 2.254662E-003
3688.30976559426 2.166880E-003
3689.11403612710 2.219939E-003
3689.99385593275 2.300655E-003
3691.09699388380 2.244943E-003
3692.63081371844 1.990184E-003
3693.79834322719 1.760856E-003
3694.48520285662 1.787971E-003
3695.01580676212 1.842103E-003
3695.46771146223 1.874256E-003
3695.87115176704 1.888309E-003
3696.24175485782 1.887591E-003
3696.58864329284 1.874573E-003
3696.91757442318 1.852160E-003
3697.23242029155 1.822833E-003
3697.53596481303 1.788602E-003
3697.83036587617 1.751404E-003
3698.11742863242 1.712666E-003
3698.39876386381 1.673823E-003
3698.67587606452 1.635501E-003
3698.95021109063 1.598398E-003
3699.22318361471 1.590992E-003
3699.49619767825 1.580330E-003
3699.77066877519 1.565329E-003
3700.04805265449 1.546459E-003
3700.32988357908 1.524315E-003
3700.61782169598 1.499264E-003
3700.91370272827 1.471979E-003
3701.21956763403 1.443150E-003
3701.53761326265 1.413457E-003
3701.86992794592 1.383556E-003
3702.21775592419 1.354088E-003
3702.58001976073 1.325704E-003
3702.95147370835 1.299073E-003
3703.32246651041 1.274789E-003
3703.68224148292 1.258982E-003
3704.02346381030 1.245320E-003
3704.34373182272 1.233780E-003
3704.64401949360 1.223893E-003
3704.92666556424 1.215958E-003
3705.19420583911 1.209283E-003
3705.44893109216 1.204015E-003
3705.69279439283 1.199637E-003
3705.92744245288 1.195965E-003
3706.15427652293 1.192897E-003
3706.37451065141 1.189896E-003
3706.58921926729 1.187199E-003
3706.79937420791 1.184070E-003
3707.00587348931 1.180803E-003
3707.20956425855 1.176693E-003
3707.41126194586 1.172056E-003
3707.61176715962 1.166199E-003
3707.81188149555 1.159398E-003
3708.01242318960 1.151127E-003
3708.21424342396 1.141425E-003
3708.41824408289 1.130154E-003
3708.62539784895 1.117036E-003
3708.83677174596 1.102379E-003
3709.05355562257 1.099817E-003
3709.27709772938 1.111574E-003
3709.50895068120 1.119350E-003
3709.75093313443 1.122728E-003
3710.00521633824 1.121293E-003
3710.27445230818 1.114505E-003
3710.56197632875 1.124013E-003
3710.87215235816 1.143061E-003
3711.21101727196 1.159839E-003
3711.58761637795 1.174747E-003
3712.01716654232 1.188348E-003
3712.53013068595 1.201593E-003
3713.20874259349 1.214004E-003
3714.54258938815 1.210958E-003
3716.08211930782 1.132038E-003
3717.38628914565 1.068813E-003
3718.52895807082 1.118214E-003
3719.59409740344 1.121506E-003
3720.60138692721 1.103436E-003
3721.47984549646 1.077466E-003
3722.30418952983 1.043318E-003
3722.93366931610 1.009526E-003
3723.49510529830 9.733576E-004
3723.96264280479 9.384709E-004
3724.34289476796 9.596161E-004
3724.67678456037 9.820210E-004
3724.98716253494 9.972895E-004
3725.28578249995 1.006030E-003
3725.57939264194 1.008312E-003
3725.87216694087 1.003706E-003
3726.16677013002 9.924284E-004
3726.46485850532 9.760004E-004
3726.76733150097 9.724915E-004
3727.07448305031 9.650342E-004
3727.38613556690 9.541499E-004
3727.70180119968 9.404463E-004
3728.02088170764 9.245476E-004
3728.34288934652 9.072987E-004
3728.66765602025 8.890513E-004
3728.99550304118 8.702719E-004
3729.32736496729 8.512828E-004
3729.66488757079 8.322784E-004
3730.01054612722 8.133483E-004
3730.36786353207 7.946971E-004
3730.74187868374 7.761017E-004
3731.14021356387 7.598084E-004
3731.57573870069 7.567904E-004
3732.07457687739 7.511427E-004
3732.71173223267 7.409706E-004
3734.07187281976 7.016030E-004
3735.71418558869 7.152426E-004
3736.36677250349 7.323517E-004
3736.99600653248 7.517053E-004
3737.69325136792 7.770251E-004
3738.87379756364 8.278814E-004
3740.08546973478 8.817565E-004
3740.53593533198 8.994596E-004
3740.89353196929 9.123125E-004
3741.20153048972 9.226605E-004
3741.47536373475 9.314115E-004
3741.72301955124 9.470084E-004
3741.94923170842 9.608560E-004
3742.15707282646 9.724451E-004
3742.34868970276 9.823700E-004
3742.52568512933 9.911305E-004
3742.68933139598 9.990242E-004
3742.84069485811 1.006121E-003
3742.98070993691 1.012598E-003
3743.11022301844 1.018729E-003
3743.23001804904 1.024262E-003
3743.34083100395 1.029641E-003
3743.44335772547 1.034517E-003
3743.53825796914 1.039191E-003
3743.62615742904 1.043560E-003
3743.70764881592 1.047537E-003
3743.78329260793 1.051472E-003
3743.85361780387 1.055095E-003
3743.91912283004 1.058420E-003
3743.98027664608 1.061621E-003
3744.03752003861 1.064697E-003
3744.09126706422 1.067547E-003
3744.14190659524 1.070196E-003
3744.18980392404 1.072716E-003
3744.23530238938 1.075240E-003
3744.27872499867 1.077618E-003
3744.32037602992 1.079870E-003
3744.36054260663 1.082011E-003
3744.39949624520 1.084059E-003
3744.43749437888 1.086187E-003
3744.47478186341 1.088268E-003
3744.51159246885 1.090294E-003
3744.54815035919 1.092276E-003
3744.58467155825 1.094224E-003
3744.62136539702 1.096148E-003
3744.65843593525 1.098235E-003
3744.69608334881 1.100324E-003
3744.73450527434 1.102414E-003
3744.77389810359 1.104512E-003
3744.81445822174 1.106621E-003
3744.85638318577 1.108866E-003
3744.89987284120 1.111234E-003
3744.94513037734 1.113628E-003
3744.99236332282 1.116045E-003
3745.04178448491 1.118507E-003
3745.09361283719 1.125263E-003
3745.14807436200 1.134375E-003
3745.20540285588 1.143978E-003
3745.26584070858 1.153802E-003
3745.32963967013 1.164206E-003
3745.39706162518 1.174890E-003
3745.46837940038 1.186047E-003
3745.54387764000 1.197507E-003
3745.62385379632 1.209435E-003
3745.70861929651 1.221488E-003
3745.79850096640 1.234024E-003
3745.89384281449 1.246654E-003
3745.99500830710 1.259280E-003
3746.10238329855 1.271816E-003
3746.21637981840 1.284246E-003
3746.33744096376 1.296239E-003
3746.46604719884 1.307537E-003
3746.60272443138 1.317848E-003
3746.74805432284 1.327044E-003
3746.90268740814 1.334592E-003
3747.06735977064 1.340013E-003
3747.24291426849 1.342982E-003
3747.43032768357 1.343159E-003
3747.63074572898 1.339882E-003
3747.84552870887 1.332849E-003
3748.07631195615 1.321730E-003
3748.32508736128 1.305978E-003
3748.59431623598 1.285335E-003
3748.88709155753 1.259557E-003
3749.20738428236 1.228366E-003
3749.56044478669 1.191377E-003
3749.95350833352 1.147975E-003
3750.00000000000 1.142733E-003
