3250.00000000000 1.399565E-004
3250.49460333298 1.404911E-004
3250.66775679798 1.406830E-004
3251.01029731073 1.410702E-004
3251.34749028359 1.414614E-004
3251.67943160946 1.418568E-004
3252.00610345249 1.422564E-004
3252.32749460658 1.426601E-004
3252.64360039930 1.430678E-004
3252.95442263621 1.434795E-004
3253.25996950212 1.438952E-004
3253.56025542189 1.443147E-004
3253.85530088391 1.447381E-004
3254.14513222984 1.451653E-004
3254.42978141454 1.455962E-004
3254.70928574003 1.460308E-004
3254.98368756787 1.464690E-004
3255.25303401400 1.469108E-004
3255.51737663012 1.473561E-004
3255.77677107566 1.478049E-004
3256.03127678410 1.482628E-004
3256.28095662705 1.487243E-004
3256.52587657945 1.491891E-004
3256.76610538872 1.496570E-004
3257.00171425048 1.501282E-004
3257.23277649300 1.506025E-004
3257.45936727243 1.510799E-004
3257.68156328027 1.515603E-004
3257.89944246431 1.520437E-004
3258.11308376417 1.525300E-004
3258.32256686192 1.530192E-004
3258.52797194843 1.535113E-004
3258.72937950553 1.540062E-004
3258.92687010400 1.545039E-004
3259.12052421745 1.550043E-004
3259.31042205149 1.555073E-004
3259.49664338804 1.560131E-004
3259.67926744421 1.565214E-004
3259.85837274504 1.570323E-004
3260.03403700967 1.575664E-004
3260.20633705011 1.582419E-004
3260.37534868186 1.589181E-004
3260.54114664590 1.596037E-004
3260.70380454096 1.602937E-004
3260.86339476568 1.609843E-004
3261.01998846972 1.616754E-004
3261.17365551318 1.623670E-004
3261.32446443379 1.630589E-004
3261.47248242097 1.637510E-004
3261.61777529639 1.644432E-004
3261.76040750025 1.651355E-004
3261.90044208295 1.658278E-004
3262.03794070130 1.665200E-004
3262.17296361920 1.672120E-004
3262.30556971191 1.679104E-004
3262.43581647387 1.686158E-004
3262.56376002938 1.693209E-004
3262.68945514597 1.700257E-004
3262.81295525008 1.707301E-004
3262.93431244464 1.714340E-004
3263.05357752850 1.721373E-004
3263.17080001720 1.728400E-004
3263.28602816507 1.735419E-004
3263.39930898824 1.742431E-004
3263.51068828865 1.749433E-004
3263.62021067852 1.756426E-004
3263.72791960554 1.763558E-004
3263.83385737826 1.770686E-004
3263.93806519185 1.777804E-004
3264.04058315395 1.784912E-004
3264.14145031057 1.792009E-004
3264.24070467198 1.799094E-004
3264.33838323845 1.806166E-004
3264.43452202580 1.813224E-004
3264.52915609081 1.820269E-004
3264.62231955616 1.827299E-004
3264.71404563523 1.834314E-004
3264.80436665643 1.841478E-004
3264.89331408710 1.848630E-004
3264.98091855711 1.855766E-004
3265.06720988185 1.862886E-004
3265.15221708492 1.869989E-004
3265.23596842020 1.877075E-004
3265.31849139352 1.884142E-004
3265.39981278383 1.891189E-004
3265.47995866379 1.898218E-004
3265.55895441996 1.905225E-004
3265.63682477245 1.912294E-004
3265.71359379399 1.919442E-004
3265.78928492862 1.926569E-004
3265.86392100981 1.933675E-004
3265.93752427811 1.940759E-004
3266.01011639829 1.948154E-004
3266.08171847605 1.956007E-004
3266.15235107420 1.963851E-004
3266.22203422841 1.971687E-004
3266.29078746253 1.979514E-004
3266.35862980340 1.987330E-004
3266.42557979527 1.995136E-004
3266.49165551381 2.002930E-004
3266.55687457964 2.012005E-004
3266.62125417152 2.021351E-004
3266.68481103910 2.030711E-004
3266.74756151530 2.040085E-004
3266.80952152834 2.049472E-004
3266.87070661334 2.058872E-004
3266.93113192366 2.068284E-004
3266.99081224176 2.077707E-004
3267.04976198989 2.087140E-004
3267.10799524031 2.096584E-004
3267.16552572524 2.106037E-004
3267.22236684659 2.115499E-004
3267.27853168524 2.124968E-004
3267.33403301011 2.134446E-004
3267.38888328702 2.143930E-004
3267.44309468712 2.153420E-004
3267.49667909519 2.162915E-004
3267.54964811763 2.172415E-004
3267.60201309019 2.181920E-004
3267.65378508552 2.191427E-004
3267.70497492042 2.200937E-004
3267.75559316291 2.210449E-004
3267.80565013905 2.219984E-004
3267.85515593961 2.229574E-004
3267.90412042644 2.239166E-004
3267.95255323874 2.248760E-004
3268.00046379910 2.258354E-004
3268.04786131933 2.267949E-004
3268.09475480614 2.277542E-004
3268.14115306667 2.287134E-004
3268.18706471380 2.296724E-004
3268.23249817131 2.306311E-004
3268.27746167897 2.315894E-004
3268.32196329731 2.325472E-004
3268.36601091243 2.335045E-004
3268.40961224051 2.344612E-004
3268.45277483232 2.354172E-004
3268.49550607745 2.363725E-004
3268.53781320856 2.373268E-004
3268.57970330543 2.382803E-004
3268.62118329887 2.392327E-004
3268.66225997453 2.401840E-004
3268.70293997668 2.411341E-004
3268.74322981174 2.420830E-004
3268.78313585180 2.430305E-004
3268.82266433803 2.439785E-004
3268.86182138394 2.449357E-004
3268.90061297864 2.458916E-004
3268.93904498986 2.468460E-004
3268.97712316705 2.477989E-004
3269.01485314426 2.487502E-004
3269.05224044303 2.496998E-004
3269.08929047510 2.506477E-004
3269.12600854515 2.515937E-004
3269.16239985339 2.525377E-004
3269.19846949809 2.534797E-004
3269.23422247809 2.544196E-004
3269.26966369512 2.553572E-004
3269.30479795620 2.562926E-004
3269.33962997587 2.572255E-004
3269.37416437843 2.581560E-004
3269.40840570002 2.590838E-004
3269.44235839077 2.600090E-004
3269.47602681678 2.609447E-004
3269.50941526209 2.618808E-004
3269.54252793066 2.628143E-004
3269.57536894813 2.637449E-004
3269.60794236374 2.646727E-004
3269.64025215200 2.655976E-004
3269.67230221450 2.665194E-004
3269.70409638150 2.674380E-004
3269.73563841362 2.683534E-004
3269.76693200338 2.692654E-004
3269.79798077676 2.701740E-004
3269.82878829470 2.710791E-004
3269.85935805456 2.719806E-004
3269.88969349157 2.728783E-004
3269.91979798015 2.737722E-004
3269.94967483532 2.746816E-004
3269.97932731402 2.755873E-004
3270.00875861632 2.764892E-004
3270.03797188675 2.773872E-004
3270.06697021547 2.782811E-004
3270.09575663947 2.791708E-004
3270.12433414372 2.800564E-004
3270.15270566229 2.809376E-004
3270.18087407945 2.818144E-004
3270.20884223077 2.826867E-004
3270.23661290410 2.835543E-004
3270.26418884065 2.844172E-004
3270.29157273593 2.852753E-004
3270.31876724076 2.861435E-004
3270.34577496217 2.870141E-004
3270.37259846436 2.878798E-004
3270.39924026957 2.887406E-004
3270.42570285896 2.895963E-004
3270.45198867346 2.904469E-004
3270.47810011463 2.912922E-004
3270.50403954543 2.921322E-004
3270.52980929104 2.929668E-004
3270.55541163962 2.937958E-004
3270.58084884309 2.946192E-004
3270.60612311784 2.954368E-004
3270.63123664545 2.962575E-004
3270.65619157342 2.970881E-004
3270.68099001581 2.979129E-004
3270.70563405398 2.987319E-004
3270.73012573716 2.995449E-004
3270.75446708315 3.003519E-004
3270.77866007893 3.011527E-004
3270.80270668126 3.019472E-004
3270.82660881726 3.027354E-004
3270.85036838504 3.035171E-004
3270.87398725422 3.042923E-004
3270.89746726651 3.050609E-004
3270.92081023625 3.058431E-004
3270.94401795094 3.066250E-004
3270.96709217174 3.074003E-004
3270.99003463401 3.081688E-004
3271.01284704778 3.089304E-004
3271.03553109825 3.096851E-004
3271.05808844623 3.104327E-004
3271.08052072866 3.111732E-004
3271.10282955900 3.119064E-004
3271.12501652774 3.126323E-004
3271.14708320276 3.133507E-004
3271.16903112980 3.140819E-004
3271.19086183355 3.148141E-004
3271.23415504560 3.162552E-004
3271.27696115748 3.176646E-004
3271.31933045275 3.190428E-004
3271.36127392196 3.203892E-004
3271.40280232654 3.217352E-004
3271.44392614192 3.230771E-004
3271.48465556787 3.243860E-004
3271.52500053824 3.256612E-004
3271.56497073042 3.269020E-004
3271.60457557426 3.281314E-004
3271.64382426080 3.293657E-004
3271.68272575049 3.305647E-004
3271.72128878120 3.317275E-004
3271.75952187586 3.328536E-004
3271.79743334980 3.339652E-004
3271.83503131785 3.350830E-004
3271.87232370108 3.361633E-004
3271.90931823336 3.372053E-004
3271.94602246765 3.382085E-004
3271.98244378202 3.392012E-004
3272.01858938551 3.401946E-004
3272.05446632365 3.411484E-004
3272.09008148396 3.420621E-004
3272.12544160106 3.429354E-004
3272.16055326170 3.438083E-004
3272.19542290962 3.446704E-004
3272.23005685016 3.454912E-004
3272.26446125474 3.462705E-004
3272.29864216525 3.470078E-004
3272.33260549817 3.477603E-004
3272.36635704860 3.484854E-004
3272.39990249419 3.491680E-004
3272.43324739890 3.498079E-004
3272.46639721657 3.504092E-004
3272.49935729451 3.510362E-004
3272.53213287686 3.516202E-004
3272.56472910786 3.521608E-004
3272.59715103505 3.526578E-004
3272.62940361233 3.531376E-004
3272.66149170295 3.536214E-004
3272.69342008236 3.540615E-004
3272.72519344103 3.544577E-004
3272.75681638715 3.548099E-004
3272.78829344924 3.551681E-004
3272.81962907870 3.555071E-004
3272.85082765228 3.558020E-004
3272.88189347445 3.560530E-004
3272.91283077977 3.562600E-004
3272.94364373509 3.564969E-004
3272.97433644188 3.566909E-004
3273.03538812058 3.569476E-004
3273.09607587105 3.571266E-004
3273.15637026065 3.571840E-004
3273.21630082706 3.571123E-004
3273.27589645212 3.569734E-004
3273.33518528920 3.566640E-004
3273.39419481413 3.563228E-004
3273.45295187405 3.558249E-004
3273.56988146433 3.545596E-004
3273.68659647498 3.528720E-004
3273.91879402205 3.482947E-004
3274.15325570370 3.422508E-004
3274.38961359577 3.358872E-004
3274.62929869861 3.323592E-004
3274.87380302131 3.276968E-004
3275.12468394719 3.220361E-004
3275.38360474399 3.154682E-004
3275.65238183030 3.081320E-004
3275.93304029748 3.001551E-004
3276.22788009814 2.916490E-004
3276.53955550475 2.827061E-004
3276.87117028707 2.733981E-004
3277.22638998873 2.637740E-004
3277.60956945616 2.539204E-004
3278.02588584513 2.438088E-004
3278.48145005020 2.350529E-004
3278.98333662766 2.284191E-004
3279.53942620338 2.223958E-004
3280.15796043590 2.188204E-004
3280.84709879270 2.208973E-004
3281.61667037340 2.257239E-004
3282.49092099492 2.310774E-004
3283.56825302440 2.372912E-004
3285.38922024109 2.328458E-004
3288.60871988596 1.949903E-004
3292.68732125996 1.767617E-004
3297.86420972138 1.741421E-004
3303.21085302810 1.771585E-004
3307.26229300342 1.843067E-004
3310.38522948696 1.928588E-004
3312.56298757846 2.014419E-004
3313.96984143337 2.107771E-004
3314.95852067553 2.204997E-004
3315.70468586944 2.293135E-004
3316.29621384929 2.373566E-004
3316.78191141480 2.447469E-004
3317.19136394244 2.515474E-004
3317.54374015448 2.577540E-004
3317.85211303557 2.634857E-004
3318.12576708859 2.686708E-004
3318.37151679162 2.734450E-004
3318.59450251414 2.777264E-004
3318.79869310640 2.816349E-004
3318.98721541304 2.851101E-004
3319.16257729778 2.882352E-004
3319.32682278119 2.909873E-004
3319.48164256360 2.934020E-004
3319.62845444795 2.955008E-004
3319.76846298735 2.972675E-004
3319.90270450794 2.987690E-004
3320.03208165984 2.999378E-004
3320.15739036143 3.008840E-004
3320.27934115290 3.014947E-004
3320.39857640520 3.019106E-004
3320.51568444097 3.020022E-004
3320.63121135538 3.018867E-004
3320.74567113682 3.014675E-004
3320.85955455650 3.008242E-004
3320.97333720519 2.998902E-004
3321.08748699407 2.987109E-004
3321.20247139811 2.972466E-004
3321.31876470074 2.955128E-004
3321.55467789571 2.912301E-004
3322.04002952711 2.797305E-004
3322.58174155119 2.641143E-004
3323.24334481186 2.512535E-004
3324.12041142390 2.389855E-004
3325.42635582454 2.200438E-004
3327.79276822412 2.058809E-004
3333.01972608330 1.956259E-004
3337.28547183645 1.964885E-004
3340.80858683121 2.005623E-004
3343.50642510869 2.062199E-004
3345.64818319456 2.143631E-004
3347.39785174116 2.228211E-004
3348.85894705515 2.315561E-004
3350.10047394359 2.424591E-004
3351.17056687369 2.539862E-004
3352.10401081178 2.660241E-004
3352.92666930380 2.785876E-004
3353.65823393676 2.916650E-004
3354.31400511766 3.052166E-004
3354.90608548167 3.191705E-004
3355.44420261931 3.335070E-004
3355.93629005767 3.481022E-004
3356.38890617821 3.628941E-004
3356.80754190515 3.776934E-004
3357.19685048587 3.923671E-004
3357.56082172494 4.067484E-004
3357.90291599083 4.206359E-004
3358.22616868313 4.362346E-004
3358.53327273646 4.525610E-004
3358.82664461630 4.678721E-004
3359.10847776909 4.818592E-004
3359.38078645474 4.941712E-004
3359.64544212923 5.046322E-004
3359.90420400229 5.129166E-004
3360.15874499450 5.187706E-004
3360.41067402489 5.221839E-004
3360.66155534698 5.229179E-004
3360.91292550210 5.209292E-004
3361.16630836197 5.163109E-004
3361.42322867956 5.091959E-004
3361.68522455390 5.038867E-004
3361.95385923249 5.003037E-004
3362.23073272136 4.946011E-004
3362.51749373947 4.869033E-004
3362.81585263846 4.775096E-004
3363.12759600482 4.667793E-004
3363.45460377022 4.549191E-004
3363.79886977526 4.422197E-004
3364.16252686354 4.290388E-004
3364.54787772112 4.155274E-004
3364.95743280457 4.019096E-004
3365.39395676690 3.883658E-004
3365.86052471398 3.750358E-004
3366.36058913520 3.621236E-004
3366.89805706769 3.496277E-004
3367.47737396593 3.376334E-004
3368.10360394686 3.262458E-004
3368.78248146545 3.154610E-004
3369.52037852180 3.052944E-004
3370.32406677113 2.958497E-004
3371.20002239592 2.871079E-004
3372.15277546255 2.791136E-004
3373.18144989056 2.719413E-004
3374.27359205478 2.656939E-004
3375.39738907080 2.604960E-004
3376.49973804158 2.564496E-004
3377.52137209293 2.535549E-004
3378.42342785110 2.516688E-004
3379.19996091766 2.505541E-004
3379.86832442410 2.499630E-004
3380.45419467638 2.496838E-004
3380.98311255060 2.495462E-004
3381.47821183734 2.494082E-004
3381.96105580676 2.491403E-004
3382.45408334692 2.486129E-004
3382.98493010084 2.476891E-004
3383.59510191455 2.462264E-004
3384.36168640719 2.440899E-004
3385.46884710739 2.411738E-004
3387.55129153035 2.374575E-004
3390.85564657625 2.349874E-004
3394.77578171242 2.347206E-004
3399.47535484940 2.365207E-004
3404.38864578481 2.400433E-004
3409.32359468447 2.449603E-004
3414.21628074438 2.510976E-004
3418.97474075069 2.582938E-004
3423.52112097478 2.664079E-004
3427.79413587888 2.753138E-004
3431.74763069253 2.848920E-004
3435.35034165542 2.950237E-004
3438.58713325205 3.055926E-004
3441.45976954196 3.164925E-004
3443.98543744607 3.276385E-004
3446.19281876521 3.395520E-004
3448.11698443438 3.544586E-004
3449.79470572390 3.698638E-004
3451.26112643599 3.857988E-004
3452.54792553641 4.022761E-004
3453.68263102195 4.194433E-004
3454.68864469596 4.372980E-004
3455.58562441790 4.560100E-004
3456.38999745689 4.756634E-004
3457.11548094195 4.963165E-004
3457.77355096027 5.182236E-004
3458.37383822074 5.413934E-004
3458.92444593016 5.658977E-004
3459.43219297399 5.917752E-004
3459.90278823874 6.189788E-004
3460.34094441928 6.473412E-004
3460.75044530453 6.765451E-004
3461.13419181600 7.062291E-004
3461.49426650730 7.358861E-004
3461.83206252470 7.648325E-004
3462.14850487833 7.926647E-004
3462.44434591587 8.189231E-004
3462.72046516690 8.432781E-004
3462.97807976879 8.659239E-004
3463.21879912997 8.867971E-004
3463.44452912249 9.060373E-004
3463.65729684135 9.242087E-004
3463.85907890574 9.412399E-004
3464.05168171578 9.574988E-004
3464.23668147208 9.732233E-004
3464.41540972301 9.883847E-004
3464.58896604630 1.003446E-003
3464.75824361012 1.018121E-003
3464.92395884789 1.032829E-003
3465.08668065714 1.047354E-003
3465.24685708588 1.061834E-003
3465.40483883346 1.076319E-003
3465.56089953970 1.090566E-003
3465.71525309934 1.104936E-003
3465.86806831653 1.119031E-003
3466.01948121281 1.132814E-003
3466.16960527465 1.146507E-003
3466.31853989581 1.159705E-003
3466.46637724392 1.172326E-003
3466.61320776144 1.184434E-003
3466.75912449524 1.195875E-003
3466.90422643642 1.206417E-003
3467.04862103870 1.215949E-003
3467.19242607079 1.224355E-003
3467.33577094326 1.231518E-003
3467.47879763565 1.237450E-003
3467.62166133412 1.241900E-003
3467.76453087485 1.244756E-003
3467.90758907471 1.245923E-003
3468.05103301802 1.245317E-003
3468.19507435786 1.242867E-003
3468.33993968170 1.238517E-003
3468.48587098494 1.232228E-003
3468.63312629198 1.223980E-003
3468.93001510441 1.201849E-003
3469.23651259538 1.172131E-003
3469.55613943008 1.135158E-003
3469.89230009817 1.091637E-003
3470.24899386215 1.042567E-003
3470.63099136602 9.887363E-004
3471.04409562233 9.316234E-004
3471.49553830124 8.869391E-004
3471.99460016628 8.582436E-004
3472.55362032547 8.272265E-004
3473.18972023409 7.942873E-004
3473.92794454120 7.603627E-004
3474.80750774520 7.257315E-004
3475.89587249202 6.907491E-004
3477.32718233951 6.555306E-004
3479.44912125143 6.197257E-004
3483.88785604165 5.828827E-004
3485.63492497099 5.770685E-004
3488.37062424414 5.742962E-004
3490.80363121971 5.769025E-004
3492.69124030120 5.820873E-004
3494.27939475951 5.880683E-004
3495.67305616874 5.943423E-004
3496.92616670735 6.008413E-004
3498.07076590654 6.074837E-004
3499.12782199471 6.141692E-004
3500.11202826767 6.208746E-004
3501.03421272221 6.275849E-004
3501.90266738801 6.342902E-004
3502.72393631956 6.410018E-004
3503.50331003792 6.477580E-004
3504.24515044391 6.544946E-004
3504.95311265861 6.612106E-004
3505.63030145214 6.679062E-004
3506.27938462739 6.745816E-004
3506.90267718056 6.812378E-004
3507.50220507880 6.878760E-004
3508.07975447910 6.944976E-004
3508.63691032860 7.011043E-004
3509.17508707378 7.077326E-004
3509.69555340668 7.143762E-004
3510.19945243681 7.210101E-004
3510.68781830570 7.276810E-004
3511.16159000076 7.344448E-004
3511.62162293890 7.412314E-004
3512.06869875591 7.480201E-004
3512.50353363855 7.548122E-004
3512.92678546277 7.616088E-004
3513.33905994581 7.684114E-004
3513.74091597796 7.752212E-004
3514.13287026696 7.820395E-004
3514.51540140298 7.888675E-004
3514.88895343199 7.957064E-004
3515.25393901017 8.025574E-004
3515.61074219888 8.094217E-004
3515.95972095020 8.163003E-004
3516.30120932476 8.232311E-004
3516.63551947676 8.302133E-004
3516.96294343617 8.372152E-004
3517.28375471305 8.442381E-004
3517.59820974582 8.512828E-004
3517.90654921178 8.583501E-004
3518.20899921579 8.654409E-004
3518.50577237103 8.725559E-004
3518.79706878357 8.796959E-004
3519.08307695126 8.868615E-004
3519.36397458594 8.940532E-004
3519.63992936694 9.013533E-004
3519.91109963281 9.086942E-004
3520.17763501745 9.160657E-004
3520.43967703606 9.234682E-004
3520.69735962571 9.309019E-004
3520.95080964473 9.383671E-004
3521.20014733485 9.458639E-004
3521.44548674928 9.533922E-004
3521.68693615000 9.609518E-004
3521.92459837663 9.686552E-004
3522.15857118964 9.763981E-004
3522.38894758987 9.841756E-004
3522.61581611636 9.919874E-004
3522.83926112429 9.998327E-004
3523.05936304465 1.007711E-003
3523.27619862696 1.015621E-003
3523.48984116654 1.023607E-003
3523.70036071736 1.031724E-003
3523.90782429155 1.039875E-003
3524.11229604675 1.048057E-003
3524.31383746188 1.056271E-003
3524.51250750249 1.064514E-003
3524.70836277610 1.072784E-003
3524.90145767854 1.081191E-003
3525.09184453162 1.089685E-003
3525.27957371290 1.098206E-003
3525.46469377805 1.106751E-003
3525.64725157624 1.115316E-003
3525.82729235897 1.123899E-003
3526.00485988290 1.132651E-003
3526.17999650694 1.141467E-003
3526.35274328392 1.150297E-003
3526.52314004734 1.159137E-003
3526.69122549324 1.168104E-003
3526.85703725777 1.177543E-003
3527.02061199039 1.187041E-003
3527.18198542328 1.196597E-003
3527.34119243687 1.206316E-003
3527.49826712195 1.216589E-003
3527.65324283837 1.231329E-003
3527.80615227060 1.246371E-003
3527.95702748034 1.261645E-003
3528.10589995627 1.277151E-003
3528.25280066110 1.292889E-003
3528.39776007611 1.308858E-003
3528.54080824325 1.325058E-003
3528.68197480496 1.341487E-003
3528.82128904177 1.358144E-003
3528.95877990785 1.375025E-003
3529.09447606458 1.392290E-003
3529.22840591222 1.409800E-003
3529.36059761973 1.427535E-003
3529.49107915298 1.445490E-003
3529.61987830116 1.463659E-003
3529.74702270174 1.482035E-003
3529.87253986381 1.500639E-003
3529.99645719006 1.519658E-003
3530.11880199725 1.538874E-003
3530.23960153538 1.558275E-003
3530.35888300558 1.577850E-003
3530.47667357670 1.597586E-003
3530.59300040065 1.617685E-003
3530.70789062659 1.638037E-003
3530.82137141396 1.658520E-003
3530.93346994439 1.679119E-003
3531.04421343245 1.699838E-003
3531.15362913545 1.721005E-003
3531.26174436207 1.742245E-003
3531.36858648009 1.763533E-003
3531.47418292306 1.784856E-003
3531.57856119601 1.806633E-003
3531.68174888032 1.828399E-003
3531.78377363761 1.850121E-003
3531.88466321284 1.871990E-003
3531.98444543655 1.894081E-003
3532.08314822647 1.917346E-003
3532.18079958828 1.943229E-003
3532.27742761590 1.969149E-003
3532.37306049115 1.995071E-003
3532.46772648303 2.021309E-003
3532.56145394659 2.047567E-003
3532.65427132163 2.073735E-003
3532.74620713130 2.099770E-003
3532.83728998067 2.125883E-003
3532.92754855560 2.152057E-003
3533.01701162185 2.177985E-003
3533.10570802486 2.203613E-003
3533.19366669005 2.229349E-003
3533.28091662425 2.254866E-003
3533.36748691800 2.279948E-003
3533.45340674929 2.304804E-003
3533.53870538864 2.329565E-003
3533.62341220597 2.353742E-003
3533.70755667911 2.377502E-003
3533.79116840443 2.401124E-003
3533.87427710945 2.424001E-003
3533.95691266773 2.446425E-003
3534.03910511602 2.468497E-003
3534.12088467372 2.489655E-003
3534.20228176479 2.510483E-003
3534.28332704189 2.530574E-003
3534.36405141301 2.549679E-003
3534.44448607017 2.568541E-003
3534.52466252044 2.586221E-003
3534.60461261897 2.603279E-003
3534.68436860389 2.619472E-003
3534.76396313313 2.634512E-003
3534.84342932276 2.649068E-003
3534.92280078699 2.662198E-003
3535.00211167951 2.674757E-003
3535.08139673616 2.686030E-003
3535.16069131883 2.696308E-003
3535.24003146059 2.705606E-003
3535.31945391203 2.713513E-003
3535.39899618890 2.720738E-003
3535.47869662105 2.726306E-003
3535.55859440304 2.731273E-003
3535.71871967593 2.737087E-003
3535.88010382523 2.738144E-003
3536.04336218058 2.734412E-003
3536.20887847609 2.726240E-003
3536.37706221763 2.713413E-003
3536.54835159044 2.695994E-003
3536.72321751474 2.674134E-003
3536.90216869343 2.648025E-003
3537.08575803842 2.618370E-003
3537.27459103333 2.606312E-003
3537.46933685438 2.633517E-003
3537.67074348858 2.658592E-003
3537.87965876472 2.681538E-003
3538.09706033978 2.702761E-003
3538.32409962332 2.723094E-003
3538.56216809156 2.742428E-003
3538.81300092642 2.762363E-003
3539.07884568696 2.782539E-003
3539.36275047736 2.805028E-003
3539.66908630200 2.829970E-003
3540.00456506378 2.859111E-003
3540.38039725833 2.894906E-003
3540.81714119731 2.940351E-003
3541.35121538966 2.999705E-003
3541.91803426709 3.063185E-003
3542.37842264497 3.108203E-003
3542.85639566448 3.140962E-003
3543.27326457361 3.149748E-003
3543.62675045424 3.137732E-003
3543.94282789181 3.125207E-003
3544.23688457987 3.229489E-003
3544.51803835461 3.313383E-003
3544.79228289532 3.378595E-003
3545.06395900929 3.426487E-003
3545.33649222396 3.458543E-003
3545.61279453982 3.475785E-003
3545.89550123259 3.479539E-003
3546.18712092009 3.471313E-003
3546.49013705221 3.452825E-003
3546.80708011670 3.427217E-003
3547.14057985109 3.395530E-003
3547.49340022293 3.360928E-003
3547.86845399181 3.325555E-003
3548.26878622763 3.292026E-003
3548.69750588824 3.261434E-003
3549.15763361608 3.234674E-003
3549.65183724672 3.208525E-003
3550.18208499427 3.176703E-003
3550.74939300142 3.129765E-003
3551.35391797711 3.057738E-003
3551.99521492707 2.958132E-003
3552.67175594866 2.839375E-003
3553.37924860566 2.719921E-003
3554.10891292856 2.821979E-003
3554.84730193408 2.935817E-003
3555.57804532892 3.058630E-003
3556.28487912130 3.185140E-003
3556.95505203467 3.309440E-003
3557.58197285128 3.425585E-003
3558.16584780168 3.531083E-003
3558.71193929383 3.628690E-003
3559.22755241079 3.724651E-003
3559.71931141299 3.828216E-003
3560.19158801383 3.991844E-003
3560.64619853729 4.198615E-003
3561.08306557898 4.416354E-003
3561.50127751864 4.643554E-003
3561.89997482771 4.880653E-003
3562.27879533113 5.125456E-003
3562.63794197373 5.377778E-003
3562.97806230581 5.636756E-003
3563.30008665895 5.900649E-003
3563.60509233083 6.169703E-003
3563.89420914481 6.442808E-003
3564.16856054217 6.718428E-003
3564.42922977223 6.995705E-003
3564.67724219741 7.273813E-003
3564.91355737531 7.552703E-003
3565.13906682902 7.830297E-003
3565.35459498977 8.105566E-003
3565.56090180793 8.377467E-003
3565.75868615267 8.644951E-003
3565.94858949732 8.906980E-003
3566.13119961218 9.162544E-003
3566.30705411992 9.410678E-003
3566.47664384669 9.650479E-003
3566.64041594813 9.881122E-003
3566.79877681567 1.010187E-002
3566.95209478308 1.031211E-002
3567.10070266081 1.051130E-002
3567.24490012806 1.069906E-002
3567.38495601281 1.087512E-002
3567.52111048679 1.103931E-002
3567.65357719857 1.119159E-002
3567.78254536218 1.133205E-002
3567.90818181211 1.146083E-002
3568.03063302864 1.157819E-002
3568.15002713089 1.168447E-002
3568.26647582843 1.178003E-002
3568.38007631782 1.186530E-002
3568.49091310699 1.194075E-002
3568.59905974916 1.200712E-002
3568.70458046864 1.206610E-002
3568.80753166340 1.211692E-002
3568.90796327302 1.216004E-002
3569.00592000534 1.219588E-002
3569.19658429581 1.225064E-002
3569.38343376825 1.228541E-002
3569.56117662329 1.230245E-002
3569.72963065925 1.230390E-002
3569.88893196403 1.229627E-002
3570.03926165202 1.228018E-002
3570.18083364677 1.225788E-002
3570.31389608762 1.223140E-002
3570.43873152018 1.220218E-002
3570.55565530539 1.217118E-002
3570.66501257827 1.213913E-002
3570.76717414818 1.210896E-002
3570.86253173494 1.207840E-002
3570.95149291093 1.204720E-002
3571.03447607096 1.201894E-002
3571.11190568434 1.199051E-002
3571.18420801002 1.196352E-002
3571.25180738436 1.193750E-002
3571.31512312998 1.191280E-002
3571.37456708635 1.188829E-002
3571.43054172990 1.186619E-002
3571.48343883238 1.184314E-002
3571.53363859888 1.182246E-002
3571.58150922957 1.180199E-002
3571.62740685800 1.178071E-002
3571.67167583074 1.176180E-002
3571.71464930601 1.174256E-002
3571.75665015854 1.172236E-002
3571.79799218411 1.170331E-002
3571.83898159826 1.168436E-002
3571.87991882151 1.166408E-002
3571.92110053968 1.164337E-002
3571.96282202466 1.162340E-002
3572.00537970134 1.160153E-002
3572.04907395065 1.157793E-002
3572.09421214753 1.155520E-002
3572.14111194651 1.152970E-002
3572.19010484421 1.150200E-002
3572.24154006940 1.147392E-002
3572.29578887555 1.144168E-002
3572.35324934051 1.140811E-002
3572.41435181468 1.137041E-002
3572.47956520664 1.132927E-002
3572.54940435919 1.128322E-002
3572.62443885718 1.123256E-002
3572.70530373386 1.120513E-002
3572.79271272331 1.119859E-002
3572.88747497089 1.119040E-002
3572.99051650401 1.118410E-002
3573.10290834721 1.117535E-002
3573.22590403166 1.116856E-002
3573.36099053089 1.116017E-002
3573.50995849434 1.115147E-002
3573.67500008196 1.114409E-002
3573.85884514751 1.113637E-002
3574.06494597751 1.112934E-002
3574.29770566935 1.112409E-002
3574.56267573141 1.112160E-002
3574.86640733446 1.112274E-002
3575.21501402202 1.112931E-002
3575.60988424581 1.113357E-002
3576.04195114143 1.111933E-002
3576.49383398730 1.106438E-002
3576.95190036393 1.094666E-002
3577.41197731070 1.076008E-002
3577.87461286865 1.051125E-002
3578.34010410902 1.021972E-002
3578.80862177556 9.911125E-003
3579.28501095089 9.599840E-003
3579.78592456910 9.444336E-003
3580.35358570286 9.779691E-003
3581.08382344711 1.010702E-002
3581.83285132798 1.007160E-002
3582.37678667501 9.883730E-003
3582.77202440223 9.703859E-003
3583.09770467955 9.551151E-003
3583.38215181550 9.427312E-003
3583.63864919434 9.331904E-003
3583.87476704784 9.453075E-003
3584.09532751965 9.661343E-003
3584.30363923090 9.842164E-003
3584.50209894732 9.997664E-003
3584.69251844629 1.013102E-002
3584.87631699389 1.024503E-002
3585.05464198004 1.034222E-002
3585.22844836902 1.042486E-002
3585.39855315290 1.049497E-002
3585.56567387611 1.055440E-002
3585.73045655901 1.060478E-002
3585.89349627278 1.064760E-002
3586.05535241170 1.068415E-002
3586.21655997696 1.071564E-002
3586.37763772538 1.074313E-002
3586.53909373314 1.076800E-002
3586.70142871762 1.079262E-002
3586.86513731388 1.081616E-002
3587.03070739583 1.083946E-002
3587.19861745930 1.086332E-002
3587.36933204056 1.088995E-002
3587.54329513720 1.091977E-002
3587.72092163435 1.095255E-002
3587.90258683055 1.098907E-002
3588.08861431227 1.103011E-002
3588.27926264695 1.107764E-002
3588.66833779432 1.129660E-002
3589.06411490447 1.157028E-002
3589.47457667056 1.186261E-002
3589.89683059436 1.217144E-002
3590.32755614879 1.249071E-002
3590.76301236973 1.280796E-002
3591.19973526809 1.310589E-002
3591.63512942133 1.336169E-002
3592.06787965127 1.400617E-002
3592.49815186822 1.497542E-002
3592.92762472082 1.582294E-002
3593.35942136508 1.648923E-002
3593.79800226388 1.693136E-002
3594.24905243077 1.712629E-002
3594.71936329695 1.707175E-002
3595.21667567830 1.678732E-002
3595.74941330847 1.631646E-002
3596.32617690160 1.571876E-002
3596.95472112015 1.506145E-002
3597.63974970429 1.441015E-002
3598.37823994665 1.381812E-002
3599.15212568000 1.330953E-002
3599.92671647197 1.285713E-002
3600.66873191559 1.238065E-002
3601.36917689985 1.178535E-002
3602.04348968737 1.099084E-002
3602.71867647458 9.955243E-003
3603.42388167176 8.692972E-003
3604.17915428271 7.305581E-003
3604.97384317656 6.887311E-003
3605.76189500574 6.739837E-003
3606.50357749793 6.641062E-003
3607.19318683374 6.706461E-003
3607.84590851991 6.802258E-003
3608.48376522901 6.920610E-003
3609.13260913003 7.065215E-003
3609.82444763569 7.248120E-003
3610.60274848291 7.513491E-003
3611.53425742119 7.951534E-003
3612.78968503341 8.735508E-003
3614.74971034312 9.839350E-003
3615.93090258129 1.007544E-002
3616.70143869415 9.940353E-003
3617.43595289224 9.529674E-003
3618.19303410060 8.837130E-003
3619.02951961312 7.894101E-003
3620.01014242194 6.799188E-003
3621.22783210777 5.731057E-003
3622.92440734794 4.993190E-003
3624.93163960993 4.308818E-003
3625.79973455041 4.086051E-003
3626.48071344407 4.119758E-003
3627.06978940470 4.163890E-003
3627.60311486112 4.189764E-003
3628.10215396351 4.188755E-003
3628.58249586857 4.154143E-003
3629.05783649496 4.081586E-003
3629.54291176463 4.086344E-003
3630.05808365196 4.228128E-003
3630.64260148740 4.313169E-003
3631.42946225518 4.306390E-003
3633.22349631231 3.811642E-003
3634.29231475900 3.319728E-003
3635.26863422266 3.178487E-003
3636.85217738822 3.200235E-003
3637.77510437292 3.150842E-003
3639.87871476639 3.088129E-003
3641.51316035913 3.052409E-003
3642.19897058427 2.994386E-003
3642.80054489127 2.918018E-003
3643.37337242164 2.823102E-003
3643.94565749162 2.705243E-003
3644.52348321485 2.561804E-003
3645.08175629422 2.568257E-003
3645.58370652988 2.614496E-003
3646.01847876665 2.624510E-003
3646.39765983641 2.613512E-003
3646.73593129744 2.595724E-003
3647.04447955872 2.580788E-003
3647.33116553980 2.559747E-003
3647.60161816923 2.534206E-003
3647.86006557152 2.504592E-003
3648.10987635010 2.471444E-003
3648.35391701730 2.435080E-003
3648.59480972901 2.395711E-003
3648.83514899628 2.358442E-003
3649.07772575287 2.361502E-003
3649.32581445754 2.361775E-003
3649.58361187763 2.361328E-003
3649.85699893973 2.361969E-003
3650.15497548788 2.367644E-003
3650.49228021154 2.383830E-003
3650.89072039373 2.419289E-003
3651.34777116272 2.481686E-003
3651.78616242546 2.556655E-003
3652.15269094025 2.622466E-003
3652.45845519691 2.673331E-003
3652.72611622726 2.711250E-003
3652.96934993776 2.738295E-003
3653.19610181107 2.756008E-003
3653.41132443667 2.765578E-003
3653.61831708991 2.767967E-003
3653.81939809321 2.763995E-003
3654.01626533020 2.754381E-003
3654.21020149998 2.739768E-003
3654.40219661380 2.721310E-003
3654.59302353892 2.699115E-003
3654.78328538249 2.673616E-003
3654.97344515902 2.645590E-003
3655.16384390676 2.615771E-003
3655.35471118522 2.583963E-003
3655.54617074938 2.551453E-003
3655.73824367271 2.517870E-003
3655.93085099802 2.484262E-003
3656.12381791902 2.450271E-003
3656.31688134275 2.417130E-003
3656.50970227947 2.384263E-003
3656.89310074807 2.321582E-003
3657.27008365178 2.263467E-003
3657.63668667797 2.211337E-003
3657.99082175387 2.164669E-003
3658.33176124322 2.123070E-003
3658.65995530610 2.086237E-003
3658.97665738906 2.053551E-003
3659.28354148663 2.024389E-003
3659.58239681078 1.998498E-003
3659.87490957315 1.975800E-003
3660.16251243389 1.956384E-003
3660.44628398735 1.940470E-003
3660.72689443175 1.928354E-003
3661.00460587711 1.920343E-003
3661.27933693566 1.916837E-003
3661.55078721011 1.917973E-003
3661.81859480757 1.923660E-003
3662.08248526444 1.933799E-003
3662.34237559593 1.948199E-003
3662.59841880350 1.966602E-003
3662.85099667281 1.988712E-003
3663.10068011761 2.014210E-003
3663.34817578841 2.042762E-003
3663.59427109091 2.074008E-003
3663.83978291967 2.107888E-003
3664.08551105033 2.144011E-003
3664.33219564002 2.181608E-003
3664.58047910417 2.221017E-003
3664.83087499167 2.260884E-003
3665.08374938417 2.301255E-003
3665.33932238331 2.340985E-003
3665.59769672586 2.378983E-003
3665.85891639602 2.414050E-003
3666.12305112572 2.444696E-003
3666.39029604366 2.469175E-003
3666.66107333042 2.486335E-003
3666.93612641700 2.493650E-003
3667.21660558917 2.489751E-003
3667.78928886902 2.443012E-003
3669.02251616354 2.189179E-003
3671.04187093177 1.890874E-003
3674.56173732758 2.018640E-003
3677.00361080662 1.994318E-003
3681.43365944673 1.966718E-003
3685.05505844183 2.213559E-003
3686.82086028165 2.253066E-003
3688.70666842694 2.072692E-003
3691.99362139141 1.813912E-003
3694.39595384890 1.838488E-003
3695.31414068689 1.852071E-003
3696.14949088260 1.796343E-003
3696.92414005607 1.699730E-003
3697.66372969918 1.588849E-003
3698.38904037312 1.584159E-003
3699.12652687916 1.571978E-003
3699.90906260496 1.520474E-003
3700.77776159309 1.437351E-003
3701.78258144731 1.338166E-003
3702.92461977671 1.243724E-003
3704.02104106538 1.174166E-003
3704.92334314349 1.127489E-003
3705.67158672671 1.116259E-003
3706.32942093729 1.110808E-003
3706.93520174524 1.102723E-003
3707.51501879772 1.087876E-003
3708.09104600202 1.062629E-003
3708.68615009085 1.102539E-003
3709.32839886874 1.132511E-003
3710.05791968370 1.126551E-003
3710.94207193286 1.143617E-003
3712.13501752044 1.180621E-003
3714.66272565831 1.197485E-003
3717.43347149494 1.027037E-003
3717.73252103932 1.039681E-003
3718.04783053860 1.054576E-003
3718.35007621825 1.065360E-003
3718.64172661596 1.072587E-003
3718.92426080066 1.076817E-003
3719.19895830656 1.078571E-003
3719.46699862958 1.078295E-003
3719.72952087931 1.076335E-003
3719.98765269401 1.072939E-003
3720.24251686362 1.068266E-003
3720.49521451825 1.062403E-003
3720.74677329710 1.055376E-003
3720.99803580675 1.047182E-003
3721.24945067102 1.037807E-003
3721.50073398269 1.027269E-003
3721.75044395843 1.015665E-003
3721.99570814077 1.003261E-003
3722.23252051317 9.903867E-004
3722.45676235212 9.774258E-004
3722.66543832633 9.647221E-004
3722.85739159297 9.524827E-004
3723.03319793047 9.408931E-004
3723.19452095659 9.300026E-004
3723.34343042130 9.195104E-004
3723.48196122683 9.239717E-004
3723.61191555942 9.355345E-004
3723.73481238859 9.461318E-004
3723.85190376861 9.560311E-004
3723.96421343627 9.652233E-004
3724.07257794951 9.736517E-004
3724.17768317707 9.815091E-004
3724.28009440619 9.888253E-004
3724.38028040369 9.954634E-004
3724.47863238724 1.001563E-003
3724.57547892136 1.007193E-003
3724.67109762256 1.012168E-003
3724.76572438761 1.016552E-003
3724.85956070202 1.020521E-003
3724.95277945649 1.023827E-003
3725.04552959805 1.026466E-003
3725.13793986514 1.028661E-003
3725.23012179815 1.030228E-003
3725.32217217248 1.031103E-003
3725.41417496916 1.031308E-003
3725.50620297295 1.031042E-003
3725.59831906947 1.030063E-003
3725.69057729916 1.028367E-003
3725.78302371511 1.025950E-003
3725.87569708399 1.023043E-003
3725.96862946297 1.019409E-003
3726.06184668122 1.015049E-003
3726.15536875023 1.009967E-003
3726.24921022476 1.004258E-003
3726.34338053312 9.979490E-004
3726.43788429335 9.909316E-004
3726.53272162956 9.832151E-004
3726.62788850035 9.748103E-004
3726.72337704882 9.658166E-004
3726.81917598129 9.562546E-004
3726.91527097922 9.460391E-004
3727.01164514622 9.351851E-004
3727.10827948939 9.274808E-004
3727.20515343176 9.241852E-004
3727.30224535060 9.207630E-004
3727.39953313409 9.170491E-004
3727.49699474788 9.131109E-004
3727.59460880199 9.090653E-004
3727.69235510821 9.047104E-004
3727.79021521859 9.003702E-004
3727.88817293629 8.958136E-004
3727.98621479163 8.910881E-004
3728.08433047759 8.864007E-004
3728.18251324107 8.815215E-004
3728.28076022851 8.765708E-004
3728.37907278607 8.716581E-004
3728.47745671720 8.666107E-004
3728.57592250174 8.615058E-004
3728.67448548296 8.564989E-004
3728.77316602990 8.514017E-004
3728.87198968414 8.462297E-004
3728.97098730111 8.411808E-004
3729.16913413246 8.310377E-004
3729.36909793407 8.209251E-004
3729.57123198256 8.108822E-004
3729.77614032386 8.009089E-004
3729.98456775856 7.940291E-004
3730.19743438723 7.903426E-004
3730.41589151674 7.841499E-004
3730.64141212587 7.757197E-004
3730.87594104814 7.647774E-004
3731.12215432753 7.513473E-004
3731.38393284507 7.403830E-004
3731.66729580227 7.368797E-004
3731.98243835938 7.317998E-004
3732.34878907561 7.242266E-004
3732.80850871238 7.119866E-004
3733.41909572208 6.898064E-004
3734.03593577995 6.792127E-004
3734.52423390480 6.884635E-004
3734.91710474618 6.958975E-004
3735.25996157971 7.024776E-004
3735.57287718670 7.088595E-004
3735.86611548819 7.150887E-004
3736.14590737392 7.214581E-004
3736.41665740614 7.280342E-004
3736.68199504919 7.388551E-004
3736.94542504914 7.495767E-004
3737.21090761465 7.591904E-004
3737.48364543330 7.673786E-004
3737.77158483622 7.738935E-004
3738.08914775090 7.812448E-004
3738.46951260996 7.963759E-004
3739.00600131869 8.190120E-004
3739.52926739179 8.416010E-004
3739.93914741605 8.592219E-004
3740.22540915548 8.711309E-004
3740.45517702286 8.804846E-004
3740.65202228508 8.883514E-004
3740.82645291695 8.950534E-004
3740.98421561525 9.045975E-004
3741.12885468729 9.160265E-004
3741.26273792759 9.259505E-004
3741.38754138628 9.348568E-004
3741.50450534118 9.426457E-004
3741.61458085402 9.497463E-004
3741.71851903635 9.560748E-004
3741.81692813952 9.619333E-004
3741.91031153228 9.671624E-004
3741.99909379268 9.721688E-004
3742.08363912090 9.766703E-004
3742.16426462887 9.809193E-004
3742.24125011738 9.849385E-004
3742.31484538831 9.886169E-004
3742.38527579251 9.921516E-004
3742.45274649308 9.955531E-004
3742.51744577949 9.987127E-004
3742.57954767156 1.001658E-003
3742.63921398634 1.004647E-003
3742.69659599472 1.007467E-003
3742.75183576232 1.010125E-003
3742.80506724508 1.012638E-003
3742.85641719355 1.015158E-003
3742.90600590646 1.017623E-003
3742.95394786522 1.019973E-003
3743.00035227356 1.022220E-003
3743.04532352117 1.024372E-003
3743.08896158619 1.026521E-003
3743.13136238802 1.028679E-003
3743.17261809963 1.030761E-003
3743.21281742662 1.032774E-003
3743.25204585880 1.034722E-003
3743.29038589882 1.036613E-003
3743.32791727173 1.038496E-003
3743.36471711824 1.040436E-003
3743.40086017445 1.042330E-003
3743.43641893963 1.044184E-003
3743.47146383416 1.046002E-003
3743.50606334849 1.047787E-003
3743.54028418458 1.049543E-003
3743.57419139049 1.051303E-003
3743.60784848889 1.053151E-003
3743.64131760011 1.054981E-003
3743.67465955993 1.056795E-003
3743.70793403275 1.058597E-003
3743.74119962008 1.060391E-003
3743.77451396453 1.062178E-003
3743.80793384948 1.063961E-003
3743.84151529424 1.065852E-003
3743.87531364477 1.067780E-003
3743.90938365983 1.069713E-003
3743.94377959233 1.071654E-003
3743.97855526592 1.073605E-003
3744.01376414647 1.075569E-003
3744.04945940838 1.077546E-003
3744.08569399547 1.079651E-003
3744.12252067646 1.081823E-003
3744.15999209459 1.084018E-003
3744.19816081163 1.086236E-003
3744.23707934586 1.088478E-003
3744.27680020423 1.090746E-003
3744.31737590850 1.093123E-003
3744.35885901561 1.095630E-003
3744.40130213219 1.098168E-003
3744.44475792371 1.100735E-003
3744.48927911837 1.103329E-003
3744.53491850627 1.105974E-003
3744.58172893451 1.108841E-003
3744.62976329889 1.111735E-003
3744.67907453323 1.114653E-003
3744.72971559748 1.117587E-003
3744.78173946592 1.120677E-003
3744.83519911724 1.123896E-003
3744.89014752842 1.127120E-003
3744.94663767458 1.130337E-003
3745.00472253744 1.133728E-003
3745.06445512524 1.137211E-003
3745.12588850741 1.140658E-003
3745.18907586750 1.144122E-003
3745.25407057828 1.147798E-003
3745.32092630317 1.151388E-003
3745.38969712867 1.154942E-003
3745.46043773227 1.158686E-003
3745.53320359109 1.162272E-003
3745.60805123639 1.165884E-003
3745.68503855933 1.169500E-003
3745.76422517358 1.179142E-003
3745.84567284068 1.188945E-003
3745.92944596414 1.198408E-003
3746.01561215873 1.207907E-003
3746.10424290195 1.216969E-003
3746.19541427519 1.225631E-003
3746.28920780332 1.234073E-003
3746.38571140282 1.241935E-003
3746.58379625566 1.255647E-003
3746.78920976530 1.266621E-003
3747.21992612057 1.278240E-003
3747.69536090065 1.274665E-003
3748.24964564611 1.252496E-003
3748.91648378188 1.207376E-003
3749.76125145671 1.131515E-003
3750.00000000000 1.107641E-003
