3250.00000000000 1.401578E-004
3250.49418305980 1.407091E-004
3250.66365649304 1.409031E-004
3250.99872454914 1.412947E-004
3251.32826640221 1.416905E-004
3251.65239180654 1.420905E-004
3251.97108883015 1.424947E-004
3252.28435282569 1.429031E-004
3252.59218626485 1.433156E-004
3252.89459862283 1.437351E-004
3253.19160621565 1.441610E-004
3253.48323199422 1.445907E-004
3253.76950529950 1.450244E-004
3254.05046158342 1.454619E-004
3254.32614210047 1.459031E-004
3254.59659357504 1.463480E-004
3254.86186784953 1.467965E-004
3255.12202151814 1.472486E-004
3255.37711555113 1.477042E-004
3255.62721491388 1.481632E-004
3255.87238818510 1.486256E-004
3256.11270717778 1.490913E-004
3256.34824656623 1.495603E-004
3256.57908352230 1.500324E-004
3256.80529736310 1.505077E-004
3257.02696921244 1.509861E-004
3257.24418167763 1.514675E-004
3257.45701854294 1.519519E-004
3257.66556448069 1.524392E-004
3257.86990478062 1.529294E-004
3258.07012509784 1.534224E-004
3258.26631121947 1.539182E-004
3258.45854884990 1.544167E-004
3258.64692341420 1.549179E-004
3258.83151987941 1.554217E-004
3259.01242259293 1.559282E-004
3259.18971513737 1.564371E-004
3259.36348020115 1.569486E-004
3259.53379946394 1.574625E-004
3259.70075349604 1.579788E-004
3259.86442167098 1.584976E-004
3260.02488209019 1.590186E-004
3260.18221151919 1.595420E-004
3260.33648533407 1.600706E-004
3260.48777747771 1.606012E-004
3260.63616042479 1.611340E-004
3260.78170515481 1.616688E-004
3260.92448113246 1.622056E-004
3261.06455629451 1.627444E-004
3261.20199704272 1.632851E-004
3261.33686824202 1.638278E-004
3261.46923322345 1.643722E-004
3261.59915379137 1.649185E-004
3261.72669023429 1.654666E-004
3261.85190133903 1.660165E-004
3261.97484440777 1.665680E-004
3262.09557527748 1.671213E-004
3262.21414834155 1.676761E-004
3262.33061657313 1.682326E-004
3262.44503155013 1.687906E-004
3262.55744348131 1.693502E-004
3262.66790123350 1.699113E-004
3262.77645235960 1.704738E-004
3262.88314312718 1.710378E-004
3262.98801854758 1.716032E-004
3263.09112240524 1.721699E-004
3263.19249728727 1.727379E-004
3263.29218461298 1.733072E-004
3263.39022466350 1.738777E-004
3263.48665661108 1.744494E-004
3263.58151854828 1.750223E-004
3263.67484751685 1.755964E-004
3263.76667953621 1.761715E-004
3263.85704963157 1.769275E-004
3263.94599186161 1.777706E-004
3264.03353934563 1.786160E-004
3264.11972429021 1.794637E-004
3264.20457801534 1.803134E-004
3264.28813098003 1.811653E-004
3264.37041280723 1.820193E-004
3264.45145230831 1.828752E-004
3264.53127750684 1.837330E-004
3264.60991566188 1.845928E-004
3264.68739329052 1.854543E-004
3264.76373619000 1.863176E-004
3264.83896945911 1.871826E-004
3264.91311751908 1.880492E-004
3264.98620413378 1.889174E-004
3265.05825242951 1.897871E-004
3265.12928491405 1.906583E-004
3265.19932349526 1.915308E-004
3265.26838949911 1.924047E-004
3265.33650368711 1.932798E-004
3265.40368627334 1.941561E-004
3265.46995694084 1.950335E-004
3265.53533485755 1.959120E-004
3265.59983869176 1.967915E-004
3265.66348662708 1.976719E-004
3265.72629637695 1.985531E-004
3265.78828519867 1.994352E-004
3265.84946990700 2.003179E-004
3265.90986688735 2.012013E-004
3265.96949210854 2.020853E-004
3266.02836113514 2.029697E-004
3266.08648913944 2.038546E-004
3266.14389091302 2.047399E-004
3266.20058087800 2.056254E-004
3266.25657309783 2.065112E-004
3266.31188128784 2.073970E-004
3266.36651882540 2.082830E-004
3266.42049875977 2.091689E-004
3266.47383382160 2.100547E-004
3266.52653643222 2.109403E-004
3266.57861871249 2.118257E-004
3266.63009249150 2.127130E-004
3266.68096931492 2.136059E-004
3266.73126045312 2.144985E-004
3266.78097690897 2.153908E-004
3266.83012942549 2.162826E-004
3266.87872849318 2.171740E-004
3266.92678435711 2.180648E-004
3266.97430702386 2.189550E-004
3267.02130626820 2.198445E-004
3267.06779163949 2.207331E-004
3267.11377246803 2.216208E-004
3267.15925787107 2.225076E-004
3267.20425675870 2.233933E-004
3267.24877783954 2.242778E-004
3267.29282962628 2.251611E-004
3267.33642044097 2.260431E-004
3267.37955842026 2.269236E-004
3267.42225152037 2.278027E-004
3267.46450752199 2.286801E-004
3267.50633403495 2.295559E-004
3267.54773850283 2.304299E-004
3267.58872820737 2.313021E-004
3267.62931027276 2.321850E-004
3267.66949166981 2.330661E-004
3267.70927921999 2.339454E-004
3267.74867959934 2.348227E-004
3267.78769934226 2.356980E-004
3267.82634484523 2.365711E-004
3267.86462237031 2.374420E-004
3267.90253804870 2.383105E-004
3267.94009788402 2.391767E-004
3267.97730775562 2.400403E-004
3268.01417342174 2.409013E-004
3268.05070052258 2.417596E-004
3268.08689458327 2.426151E-004
3268.12276101679 2.434677E-004
3268.15830512679 2.443173E-004
3268.19353211029 2.451638E-004
3268.22844706033 2.460165E-004
3268.26305496859 2.468729E-004
3268.29736072786 2.477262E-004
3268.33136913444 2.485763E-004
3268.36508489058 2.494231E-004
3268.39851260670 2.502664E-004
3268.43165680365 2.511063E-004
3268.46452191488 2.519426E-004
3268.49711228853 2.527752E-004
3268.52943218947 2.536039E-004
3268.56148580133 2.544288E-004
3268.59327722839 2.552497E-004
3268.62481049747 2.560665E-004
3268.65608955978 2.568791E-004
3268.68711829266 2.576955E-004
3268.71790050135 2.585186E-004
3268.74843992064 2.593375E-004
3268.77874021654 2.601521E-004
3268.80880498783 2.609623E-004
3268.83863776763 2.617679E-004
3268.86824202493 2.625689E-004
3268.89762116601 2.633652E-004
3268.92677853592 2.641567E-004
3268.95571741981 2.649432E-004
3268.98444104434 2.657248E-004
3269.01295257898 2.665012E-004
3269.04125513727 2.672723E-004
3269.06935177808 2.680517E-004
3269.09724550686 2.688339E-004
3269.12493927676 2.696109E-004
3269.15243598987 2.703825E-004
3269.17973849825 2.711486E-004
3269.20684960510 2.719092E-004
3269.23377206579 2.726641E-004
3269.26050858891 2.734133E-004
3269.28706183729 2.741566E-004
3269.31343442898 2.748939E-004
3269.33962893821 2.756252E-004
3269.36564789633 2.763504E-004
3269.39149379275 2.770871E-004
3269.41716907581 2.778237E-004
3269.44267615362 2.785541E-004
3269.46801739500 2.792782E-004
3269.49319513019 2.799959E-004
3269.51821165176 2.807071E-004
3269.54306921535 2.814118E-004
3269.56777004043 2.821097E-004
3269.59231631107 2.828009E-004
3269.61671017669 2.834853E-004
3269.64095375271 2.841627E-004
3269.66504912133 2.848467E-004
3269.68899833213 2.855358E-004
3269.71280340281 2.862179E-004
3269.73646631978 2.868929E-004
3269.75998903881 2.875608E-004
3269.78337348567 2.882213E-004
3269.80662155670 2.888745E-004
3269.82973511942 2.895202E-004
3269.85271601312 2.901584E-004
3269.87556604937 2.907889E-004
3269.89828701262 2.914118E-004
3269.92088066072 2.920491E-004
3269.94334872617 2.926839E-004
3269.98789461859 2.939295E-004
3270.03192792964 2.951426E-004
3270.07549497083 2.963234E-004
3270.11860820216 2.974712E-004
3270.16127977868 2.986280E-004
3270.20352151569 2.997667E-004
3270.24534490169 3.008713E-004
3270.28676111049 3.019413E-004
3270.32778101298 3.029760E-004
3270.36841518829 3.040177E-004
3270.40867393455 3.050413E-004
3270.44856727910 3.060287E-004
3270.48810498840 3.069792E-004
3270.52729657743 3.078925E-004
3270.56615131879 3.088180E-004
3270.60467825134 3.097185E-004
3270.64288618853 3.105809E-004
3270.68078372645 3.114046E-004
3270.71837925150 3.121894E-004
3270.75568094773 3.129978E-004
3270.79269680398 3.137684E-004
3270.82943462068 3.144993E-004
3270.86590201643 3.151901E-004
3270.90210643425 3.158554E-004
3270.93805514772 3.165312E-004
3270.97375526677 3.171665E-004
3271.00921374334 3.177609E-004
3271.04443737676 3.183141E-004
3271.07943281902 3.188609E-004
3271.11420657974 3.193985E-004
3271.14876503108 3.198945E-004
3271.18311441240 3.203489E-004
3271.21726083477 3.207615E-004
3271.25121028531 3.211896E-004
3271.28496863146 3.215862E-004
3271.31854162498 3.219408E-004
3271.35193490592 3.222533E-004
3271.38515400641 3.225368E-004
3271.41820435434 3.228333E-004
3271.45109127690 3.230878E-004
3271.48382000402 3.233002E-004
3271.51639567173 3.234705E-004
3271.54882332536 3.236357E-004
3271.58110792270 3.237904E-004
3271.61325433699 3.239034E-004
3271.64526736001 3.239745E-004
3271.70892936718 3.240515E-004
3271.77220170584 3.240394E-004
3271.83504160409 3.238752E-004
3271.89748333569 3.236703E-004
3271.95956042457 3.233034E-004
3272.02130551276 3.228748E-004
3272.08275042774 3.223236E-004
3272.14392624742 3.216625E-004
3272.26568331713 3.200529E-004
3272.38729633865 3.180877E-004
3272.62941055939 3.130321E-004
3272.87450004764 3.083906E-004
3273.12211199309 3.056526E-004
3273.37393917767 3.016976E-004
3273.63178188985 2.966682E-004
3273.89756008708 2.907615E-004
3274.17337641993 2.840509E-004
3274.46159278142 2.766625E-004
3274.76492427423 2.687114E-004
3275.08655673754 2.602932E-004
3275.43029560400 2.514813E-004
3275.80075547684 2.423871E-004
3276.20360043876 2.329859E-004
3276.64584183001 2.252993E-004
3277.13618545837 2.190150E-004
3277.68537572644 2.131149E-004
3278.30637495182 2.120417E-004
3279.01402606839 2.168203E-004
3279.82393667354 2.237490E-004
3280.75327182875 2.313938E-004
3281.84305029881 2.378268E-004
3283.30682323937 2.544731E-004
3285.98948456498 2.221636E-004
3289.87185026496 1.842110E-004
3294.82693897388 1.724945E-004
3300.23666121660 1.743311E-004
3304.82034059069 1.799625E-004
3308.21741525772 1.869086E-004
3310.73653816203 1.944626E-004
3312.37988562211 2.053473E-004
3313.51291497016 2.151171E-004
3314.35355016313 2.239493E-004
3315.01113086461 2.320175E-004
3315.54528929028 2.394898E-004
3315.99153043123 2.463696E-004
3316.37251422521 2.527082E-004
3316.70350268943 2.585983E-004
3316.99522119854 2.639800E-004
3317.25546997210 2.689898E-004
3317.49008475852 2.735363E-004
3317.70353697905 2.777467E-004
3317.89932354004 2.815405E-004
3318.08022850833 2.850366E-004
3318.24850379329 2.881511E-004
3318.40599698997 2.910055E-004
3318.55424379382 2.935059E-004
3318.69453608634 2.957800E-004
3318.82797295976 2.977228E-004
3318.95549955452 2.994671E-004
3319.07793704807 3.008990E-004
3319.19600612681 3.021533E-004
3319.31034559820 3.031107E-004
3319.42152734067 3.039039E-004
3319.53006846981 3.044124E-004
3319.63644137562 3.047631E-004
3319.74108212561 3.048381E-004
3319.84439761439 3.047548E-004
3319.94677175711 3.044012E-004
3320.04857096427 3.038832E-004
3320.15014909214 3.030962E-004
3320.25185203239 3.021336E-004
3320.35402208415 3.008997E-004
3320.45700223893 2.994745E-004
3320.56114050359 2.977722E-004
3320.66679438766 2.958587E-004
3320.88178412900 2.912810E-004
3321.10371841423 2.857367E-004
3321.33886746102 2.791098E-004
3321.59131646102 2.713428E-004
3321.86625650254 2.624381E-004
3322.17040206979 2.523461E-004
3322.51278265849 2.410886E-004
3322.90603233932 2.322272E-004
3323.36861133427 2.246915E-004
3323.92887526587 2.180817E-004
3324.63312225654 2.119487E-004
3325.56309976380 2.051136E-004
3326.87807879041 1.992335E-004
3328.90835924844 1.929522E-004
3331.98005062017 1.938003E-004
3335.37186315194 1.969281E-004
3338.33743277744 2.002819E-004
3340.72838442126 2.035972E-004
3342.68893854560 2.068659E-004
3344.33257531718 2.107472E-004
3345.73535414041 2.172058E-004
3346.94974745705 2.238719E-004
3348.01338064153 2.307760E-004
3348.95412563629 2.386457E-004
3349.79317829879 2.472241E-004
3350.54700688478 2.560562E-004
3351.22863806134 2.651535E-004
3351.84853547075 2.745189E-004
3352.41521729522 2.841466E-004
3352.93570082673 2.940215E-004
3353.41582904032 3.041192E-004
3353.86051470914 3.144666E-004
3354.27392568652 3.250041E-004
3354.65962744315 3.356516E-004
3355.02069406771 3.464771E-004
3355.35979564760 3.573100E-004
3355.67926776002 3.682179E-004
3355.98116724553 3.790222E-004
3356.26731735987 3.897382E-004
3356.53934462377 4.002789E-004
3356.79870912815 4.105246E-004
3357.04672963965 4.227860E-004
3357.28460454513 4.351458E-004
3357.51342944387 4.470594E-004
3357.73421202187 4.584192E-004
3357.94788470976 4.691118E-004
3358.15531552309 4.790198E-004
3358.35731740393 4.880251E-004
3358.55465632070 4.960120E-004
3358.74805833394 5.028709E-004
3358.93821579747 5.085022E-004
3359.12579283377 5.128965E-004
3359.31143019882 5.159602E-004
3359.49574963276 5.176003E-004
3359.67935777896 5.177875E-004
3359.86284974296 5.166118E-004
3360.04681235575 5.140313E-004
3360.41577892572 5.048103E-004
3361.17513765993 4.942302E-004
3362.06769335215 4.671796E-004
3363.16308674088 4.268853E-004
3364.57133307615 3.804079E-004
3366.45650027832 3.347297E-004
3369.08569842641 2.946625E-004
3372.93871829317 2.628919E-004
3377.51759808325 2.453011E-004
3380.11426522736 2.427867E-004
3381.39396889320 2.442848E-004
3382.29466877899 2.459659E-004
3383.09340744661 2.468959E-004
3383.97286097695 2.465563E-004
3385.19663457450 2.443363E-004
3387.75898425362 2.392133E-004
3392.68013294455 2.353692E-004
3397.69838515429 2.358996E-004
3402.41923120368 2.385176E-004
3406.91532192579 2.423582E-004
3411.22273332777 2.470944E-004
3415.37427212856 2.525936E-004
3419.36682520095 2.587733E-004
3423.18273652775 2.655708E-004
3426.79934522890 2.729071E-004
3430.19363551157 2.807163E-004
3433.34548030465 2.889276E-004
3436.24049202055 2.974844E-004
3438.87227675679 3.069469E-004
3441.24346485379 3.167287E-004
3443.36514688586 3.266542E-004
3445.25495726899 3.365897E-004
3446.93451545273 3.464994E-004
3448.42697317595 3.563734E-004
3449.75513109526 3.687884E-004
3450.94024792000 3.814587E-004
3452.00144458679 3.942284E-004
3452.95552723459 4.071120E-004
3453.81706259074 4.201309E-004
3454.59858257597 4.333127E-004
3455.31083909915 4.474657E-004
3455.96306407974 4.631572E-004
3456.56321187660 4.795780E-004
3457.11817452104 4.968368E-004
3457.63396716679 5.151527E-004
3458.11588426090 5.345769E-004
3458.56862745266 5.552029E-004
3458.99640476602 5.771392E-004
3459.40299700693 6.004640E-004
3459.79178131846 6.252015E-004
3460.16569329772 6.512911E-004
3460.52710167964 6.785494E-004
3460.87757737179 7.068309E-004
3461.21759347942 7.355611E-004
3461.54631938057 7.642407E-004
3461.86178113124 7.921343E-004
3462.16152055310 8.189144E-004
3462.44351103921 8.439920E-004
3462.70689168825 8.672428E-004
3462.95219011508 8.890210E-004
3463.18100678849 9.092650E-004
3463.39546083077 9.282464E-004
3463.59772489321 9.464560E-004
3463.78976666949 9.637889E-004
3463.97325612816 9.806365E-004
3464.14956358025 9.970307E-004
3464.31979530390 1.012984E-003
3464.48483894067 1.028801E-003
3464.64540678370 1.044187E-003
3464.80207295984 1.059468E-003
3464.95530390107 1.074431E-003
3465.10548275637 1.089029E-003
3465.25292873280 1.103497E-003
3465.39791233461 1.117467E-003
3465.54066733506 1.131008E-003
3465.68140016303 1.144202E-003
3465.82029724952 1.156736E-003
3465.95753076646 1.168549E-003
3466.09326310026 1.179874E-003
3466.22765033206 1.190334E-003
3466.36084494144 1.199850E-003
3466.49299790648 1.208349E-003
3466.62426033882 1.215938E-003
3466.75478476466 1.222410E-003
3466.88472614079 1.227636E-003
3467.01424267708 1.231550E-003
3467.14349652297 1.234093E-003
3467.27265436414 1.235210E-003
3467.40188796708 1.234975E-003
3467.53137470237 1.233263E-003
3467.66129807246 1.230002E-003
3467.79184826616 1.225174E-003
3467.92322275948 1.218768E-003
3468.05562698139 1.210788E-003
3468.18927506243 1.201245E-003
3468.32439068463 1.190161E-003
3468.46120805307 1.177738E-003
3468.59997301095 1.163858E-003
3468.74094432420 1.148572E-003
3468.88439516527 1.131941E-003
3469.03061483213 1.114030E-003
3469.17991074511 1.094999E-003
3469.33261077385 1.075004E-003
3469.48906595795 1.053970E-003
3469.64965369982 1.031976E-003
3469.81478152663 1.009308E-003
3469.98489154316 9.859715E-004
3470.16046572763 9.619253E-004
3470.34203226456 9.375735E-004
3470.53017316191 9.127238E-004
3470.72553347256 8.876466E-004
3470.92883253721 8.680500E-004
3471.14087779970 8.565078E-004
3471.36258193020 8.445346E-004
3471.59498425286 8.320695E-004
3471.83927784729 8.192025E-004
3472.09684423708 8.061560E-004
3472.36929838773 7.927430E-004
3472.65854796709 7.791322E-004
3472.96687274186 7.653880E-004
3473.29703306600 7.513914E-004
3473.65242152925 7.374401E-004
3474.03728063325 7.232436E-004
3474.45702518537 7.091514E-004
3474.91873804728 6.948472E-004
3475.43196815450 6.806657E-004
3476.01009054052 6.663147E-004
3476.67280002408 6.519881E-004
3477.45115087139 6.375316E-004
3478.39922688542 6.228709E-004
3479.62729940154 6.079717E-004
3481.43312563860 5.923174E-004
3484.40100403075 5.784540E-004
3486.60446165015 5.748485E-004
3489.19252874852 5.759221E-004
3491.12996163591 5.797795E-004
3492.71240923367 5.846139E-004
3494.08125550487 5.899216E-004
3495.30249591214 5.954969E-004
3496.41301301235 6.012687E-004
3497.43594741162 6.071455E-004
3498.38701624453 6.130883E-004
3499.27752502556 6.190729E-004
3500.11596551968 6.250830E-004
3500.90893444932 6.311072E-004
3501.66169584039 6.371375E-004
3502.37854294878 6.431682E-004
3503.06304098286 6.491951E-004
3503.71819557940 6.552155E-004
3504.34657320925 6.612272E-004
3504.95038941600 6.672291E-004
3505.53157490773 6.732204E-004
3506.09182601687 6.792005E-004
3506.63264388248 6.851695E-004
3507.15536533677 6.911275E-004
3507.66118758230 6.970748E-004
3508.15118814834 7.030169E-004
3508.62634120703 7.089860E-004
3509.08753104645 7.149473E-004
3509.53556329680 7.209015E-004
3509.97117436194 7.268495E-004
3510.39503940331 7.327920E-004
3510.80777914541 7.387300E-004
3511.20996571399 7.446643E-004
3511.60212767407 7.505957E-004
3511.98475440132 7.565252E-004
3512.35829989409 7.624537E-004
3512.72318611358 7.683820E-004
3513.07980592322 7.743110E-004
3513.42852568601 7.802415E-004
3513.76968756849 7.861743E-004
3514.10361159168 7.921102E-004
3514.43059746306 7.980906E-004
3514.75092621801 8.040930E-004
3515.06486169503 8.101026E-004
3515.37265186523 8.161199E-004
3515.67453003373 8.221458E-004
3515.97071592795 8.281808E-004
3516.26141668588 8.342257E-004
3516.54682775546 8.402811E-004
3516.82713371497 8.463475E-004
3517.10250902269 8.524255E-004
3517.37311870347 8.585156E-004
3517.63911897854 8.646183E-004
3517.90065784435 8.707341E-004
3518.15787560548 8.769327E-004
3518.41090536600 8.831524E-004
3518.65987348329 8.893884E-004
3518.90489998780 8.956410E-004
3519.14609897177 9.019107E-004
3519.38357894993 9.081975E-004
3519.61744319438 9.145017E-004
3519.84779004603 9.208234E-004
3520.07471320467 9.271628E-004
3520.29830199925 9.335197E-004
3520.51864164021 9.399107E-004
3520.73581345518 9.463981E-004
3520.94989510948 9.529058E-004
3521.16096081249 9.594336E-004
3521.36908151110 9.659813E-004
3521.57432507117 9.725487E-004
3521.77675644792 9.791355E-004
3521.97643784601 9.857412E-004
3522.17342887011 9.923655E-004
3522.36778666670 9.990076E-004
3522.55956605758 1.005780E-003
3522.74881966578 1.012577E-003
3522.93559803430 1.019393E-003
3523.11994973832 1.026227E-003
3523.30192149107 1.033079E-003
3523.48155824407 1.039948E-003
3523.65890328180 1.046832E-003
3523.83399831143 1.053731E-003
3524.00688354772 1.060779E-003
3524.17759779348 1.067848E-003
3524.34617851589 1.074930E-003
3524.51266191882 1.082026E-003
3524.67708301150 1.089133E-003
3524.83947567367 1.096250E-003
3524.99987271748 1.103374E-003
3525.15830594629 1.110925E-003
3525.31480621051 1.118708E-003
3525.46940346073 1.126535E-003
3525.62212679822 1.134407E-003
3525.77300452293 1.142321E-003
3525.92206417918 1.150394E-003
3526.06933259916 1.158523E-003
3526.21483594424 1.166696E-003
3526.35859974438 1.178557E-003
3526.50064893560 1.190932E-003
3526.64100789562 1.203476E-003
3526.77970047783 1.216191E-003
3526.91675004363 1.229077E-003
3527.05217949318 1.242136E-003
3527.18601129472 1.255368E-003
3527.31826751242 1.268774E-003
3527.44896983293 1.282354E-003
3527.57813959066 1.296108E-003
3527.70579779176 1.310035E-003
3527.83196513705 1.324136E-003
3527.95666204370 1.338408E-003
3528.07990866596 1.352985E-003
3528.20172491477 1.367740E-003
3528.32213047651 1.382670E-003
3528.44114483069 1.397774E-003
3528.55878726685 1.413050E-003
3528.67507690057 1.428494E-003
3528.79003268865 1.444103E-003
3528.90367344355 1.459875E-003
3529.01601784704 1.475871E-003
3529.12708446318 1.492153E-003
3529.23689175059 1.508594E-003
3529.34545807408 1.525187E-003
3529.45280171567 1.541927E-003
3529.55894088498 1.558807E-003
3529.66389372909 1.575818E-003
3529.76767834186 1.593114E-003
3529.87031277267 1.610634E-003
3529.97181503474 1.628274E-003
3530.07220311295 1.646022E-003
3530.17149497121 1.663868E-003
3530.26970855939 1.681803E-003
3530.36686181988 1.700135E-003
3530.46297269371 1.718542E-003
3530.55805912635 1.737011E-003
3530.65213907313 1.755525E-003
3530.74523050434 1.774126E-003
3530.83735141002 1.793076E-003
3530.92851980442 1.812038E-003
3531.01875373026 1.830993E-003
3531.10807126258 1.849921E-003
3531.19649051251 1.869173E-003
3531.28402963067 1.888452E-003
3531.37070681042 1.907656E-003
3531.45654029087 1.926762E-003
3531.54154835974 1.946207E-003
3531.62574935595 1.965572E-003
3531.70916167220 1.984779E-003
3531.79180375722 2.003964E-003
3531.87369411802 2.023351E-003
3531.95485132196 2.042511E-003
3532.03529399870 2.061413E-003
3532.11504084212 2.080617E-003
3532.19411061207 2.099558E-003
3532.27252213613 2.118161E-003
3532.35029431127 2.136929E-003
3532.42744610555 2.155455E-003
3532.50399655970 2.173553E-003
3532.57996478881 2.191783E-003
3532.65536998395 2.209675E-003
3532.73023141390 2.227041E-003
3532.80456842690 2.244615E-003
3532.87840045248 2.261631E-003
3532.95174700343 2.278228E-003
3533.02462767786 2.294802E-003
3533.09706216141 2.310683E-003
3533.16907022965 2.326410E-003
3533.24067175070 2.345170E-003
3533.31188668802 2.363418E-003
3533.38273510352 2.381693E-003
3533.45323716088 2.399333E-003
3533.52341312925 2.416295E-003
3533.59328338725 2.433195E-003
3533.66286842733 2.449464E-003
3533.73218886055 2.464955E-003
3533.80126542178 2.480260E-003
3533.87011897530 2.494909E-003
3533.93877052095 2.508683E-003
3534.00724120071 2.522240E-003
3534.07555230585 2.535028E-003
3534.14372528461 2.546853E-003
3534.21178175040 2.558513E-003
3534.27974349064 2.569220E-003
3534.34763247615 2.578998E-003
3534.41547087116 2.588513E-003
3534.48328104391 2.596947E-003
3534.55108557788 2.604610E-003
3534.61890728367 2.611752E-003
3534.68676921143 2.617756E-003
3534.75469466397 2.623202E-003
3534.82270721048 2.627841E-003
3534.89083070085 2.631308E-003
3535.02724370716 2.636511E-003
3535.16439189875 2.638196E-003
3535.30263481501 2.636346E-003
3535.44218741318 2.631295E-003
3535.58327282015 2.623141E-003
3535.72612292743 2.611534E-003
3535.87097921898 2.596677E-003
3536.01809367711 2.579244E-003
3536.16772978565 2.558649E-003
3536.32016365791 2.558312E-003
3536.47568532779 2.584192E-003
3536.63460025693 2.608253E-003
3536.79723113007 2.630251E-003
3536.96392003718 2.650328E-003
3537.13503117659 2.668687E-003
3537.31095426239 2.685563E-003
3537.49210888661 2.701215E-003
3537.67895017930 2.716228E-003
3537.87197623515 2.730689E-003
3538.07173794281 2.744867E-003
3538.27885206594 2.759132E-003
3538.49401866756 2.773889E-003
3538.71804416422 2.789572E-003
3538.95187119080 2.806651E-003
3539.19661530453 2.826119E-003
3539.45360425521 2.848176E-003
3539.72440229454 2.873407E-003
3540.01076438450 2.902447E-003
3540.31436682426 2.936993E-003
3540.63594864125 2.976526E-003
3540.97329642918 3.022114E-003
3541.31843863796 3.071700E-003
3541.65788657462 3.122592E-003
3541.97876425530 3.171954E-003
3542.27432137399 3.216376E-003
3542.54435357584 3.254349E-003
3542.79243279154 3.286440E-003
3543.02302856088 3.311720E-003
3543.24012944075 3.330955E-003
3543.44694074977 3.343565E-003
3543.64597130313 3.350175E-003
3543.83919524615 3.349748E-003
3544.02819656219 3.403433E-003
3544.21428007557 3.485515E-003
3544.39855300256 3.561151E-003
3544.58198438871 3.629009E-003
3544.76544877897 3.689367E-003
3544.94975883484 3.741989E-003
3545.13569022919 3.785852E-003
3545.32400113754 3.822238E-003
3545.51544793897 3.849636E-003
3545.71079825405 3.868847E-003
3545.91084211242 3.879934E-003
3546.11640180628 3.882538E-003
3546.32834081537 3.878465E-003
3546.54757205834 3.866865E-003
3546.77506561835 3.848928E-003
3547.01185599610 3.825864E-003
3547.25904884975 3.797723E-003
3547.51782708327 3.765727E-003
3547.78945602915 3.731411E-003
3548.07528731724 3.694781E-003
3548.37676075974 3.656496E-003
3548.69540302980 3.617508E-003
3549.03282059927 3.577159E-003
3549.39068132532 3.533831E-003
3549.77067259293 3.486101E-003
3550.17441297403 3.429898E-003
3550.60328349839 3.361623E-003
3551.05815267381 3.277729E-003
3551.53902442206 3.178175E-003
3552.04472592828 3.066432E-003
3552.57276842083 2.949989E-003
3553.11939039170 2.875298E-003
3553.67967860541 2.952837E-003
3554.24771732685 3.038959E-003
3554.81683129429 3.133541E-003
3555.92948737902 3.343247E-003
3556.96360934318 3.565822E-003
3557.89463961334 3.815867E-003
3558.72821662895 4.177691E-003
3559.48557075509 4.566135E-003
3560.18474458070 4.985128E-003
3560.83357525720 5.435163E-003
3561.43359154655 5.913043E-003
3561.98559705834 6.414743E-003
3562.49196167792 6.934709E-003
3562.95640815847 7.466474E-003
3563.38321805088 8.005644E-003
3563.77666279629 8.545441E-003
3564.14072158671 9.080976E-003
3564.47897585732 9.604348E-003
3564.79459088799 1.011165E-002
3565.09033499738 1.059651E-002
3565.36861237272 1.105285E-002
3565.63149875435 1.147623E-002
3565.88077551055 1.186339E-002
3566.11796057303 1.221314E-002
3566.34433604453 1.252199E-002
3566.56097288444 1.278923E-002
3566.76875331409 1.301506E-002
3566.96839163795 1.320440E-002
3567.16045412444 1.335590E-002
3567.34537846431 1.347273E-002
3567.52349314001 1.356100E-002
3567.69503681367 1.362061E-002
3567.86017759722 1.365824E-002
3568.01903184043 1.367625E-002
3568.17168190263 1.367694E-002
3568.31819229699 1.366407E-002
3568.45862363259 1.364239E-002
3568.59304392227 1.361234E-002
3568.72153704109 1.357601E-002
3568.84420836176 1.353514E-002
3568.96118781136 1.349122E-002
3569.07263075043 1.344695E-002
3569.17871715775 1.340154E-002
3569.27964961398 1.335526E-002
3569.37565053439 1.330817E-002
3569.46695902555 1.326433E-002
3569.55382765399 1.322021E-002
3569.63651933093 1.317658E-002
3569.71530444494 1.313587E-002
3569.79045831719 1.309416E-002
3569.86225901193 1.305649E-002
3569.93098550613 1.301748E-002
3569.99691620423 1.298204E-002
3570.06032777422 1.294596E-002
3570.12149427723 1.291177E-002
3570.18068656284 1.287848E-002
3570.23817190463 1.284451E-002
3570.29421385440 1.281367E-002
3570.34907229723 1.278155E-002
3570.40300369383 1.275017E-002
3570.45626149955 1.271991E-002
3570.50909675216 1.268813E-002
3570.56175882213 1.265771E-002
3570.61449632073 1.262697E-002
3570.66755816216 1.259429E-002
3570.72119477764 1.256341E-002
3570.77565948133 1.253075E-002
3570.83120999141 1.249631E-002
3570.88811011400 1.246291E-002
3570.94663160409 1.242637E-002
3571.00705622586 1.238950E-002
3571.06967804597 1.235062E-002
3571.13480600745 1.230904E-002
3571.20276685119 1.226646E-002
3571.27390847745 1.221957E-002
3571.34860387495 1.217145E-002
3571.42725579420 1.211825E-002
3571.51030241201 1.206191E-002
3571.59822433576 1.200067E-002
3571.69155344592 1.193237E-002
3571.79088430124 1.185979E-002
3571.89688917471 1.177867E-002
3572.01033832443 1.168772E-002
3572.13212795403 1.158548E-002
3572.26331969793 1.146983E-002
3572.40519776176 1.133783E-002
3572.55935375196 1.118540E-002
3572.72781600115 1.100686E-002
3572.91325200782 1.079470E-002
3573.11929241403 1.054290E-002
3573.35105162835 1.023554E-002
3573.61591246533 1.005414E-002
3573.92429765931 1.018300E-002
3574.28788032900 1.035473E-002
3574.70580254057 1.056924E-002
3575.14310592141 1.078946E-002
3575.55694572141 1.096689E-002
3575.93666705377 1.108014E-002
3576.29005493231 1.112425E-002
3576.62567087682 1.110262E-002
3576.94948423593 1.102127E-002
3577.26527032329 1.088835E-002
3577.57526860110 1.071364E-002
3577.88071489382 1.050769E-002
3578.18231407621 1.028074E-002
3578.48071874055 1.004525E-002
3578.77703755632 9.803615E-003
3579.07341457258 9.563791E-003
3579.37386049032 9.322501E-003
3579.68592223995 9.537178E-003
3580.02522051583 9.741356E-003
3580.43324718960 9.884205E-003
3581.17362033820 9.876663E-003
3582.45915330206 9.386534E-003
3582.74944322331 9.260503E-003
3582.99329725703 9.165517E-003
3583.20244288914 9.097159E-003
3583.38507376111 9.048074E-003
3583.54645735379 9.016827E-003
3583.69024581296 9.097979E-003
3583.81912799474 9.206414E-003
3583.93517500718 9.298404E-003
3584.04003845953 9.379209E-003
3584.13507170024 9.447984E-003
3584.22140784172 9.508511E-003
3584.30001212971 9.560269E-003
3584.37171837035 9.607013E-003
3584.43725507073 9.646837E-003
3584.49726472623 9.682679E-003
3584.55231841311 9.714815E-003
3584.60292708303 9.742665E-003
3584.64955048655 9.767215E-003
3584.69260435428 9.790685E-003
3584.73246627068 9.811400E-003
3584.76948054706 9.829770E-003
3584.80396231375 9.846140E-003
3584.83620099259 9.861361E-003
3584.86646327036 9.876173E-003
3584.89499566621 9.889649E-003
3584.92202676663 9.901981E-003
3584.94776918900 9.913337E-003
3584.97242132490 9.923860E-003
3584.99616890778 9.933675E-003
3585.01918644349 9.943355E-003
3585.04163853648 9.953243E-003
3585.06368113854 9.962684E-003
3585.08546274084 9.971755E-003
3585.10712552384 9.980525E-003
3585.12880647416 9.989054E-003
3585.15063847273 9.997394E-003
3585.17275135568 1.000559E-002
3585.19527294727 1.001368E-002
3585.21833006389 1.002274E-002
3585.24204948847 1.003195E-002
3585.26655891591 1.004117E-002
3585.29198787114 1.005042E-002
3585.31846860334 1.005973E-002
3585.34613696023 1.006910E-002
3585.37513324789 1.007854E-002
3585.40560308167 1.008885E-002
3585.43769823395 1.010006E-002
3585.47157748442 1.011140E-002
3585.50740747797 1.012286E-002
3585.54536359431 1.013441E-002
3585.58563083201 1.014602E-002
3585.62840470795 1.015977E-002
3585.67389217035 1.017366E-002
3585.72231252002 1.018760E-002
3585.77389832983 1.020153E-002
3585.82889634589 1.021742E-002
3585.88756834556 1.023399E-002
3585.95019191618 1.025050E-002
3586.01706110415 1.026796E-002
3586.08848686541 1.028752E-002
3586.16479722511 1.030694E-002
3586.24633702595 1.032807E-002
3586.33346711059 1.035111E-002
3586.42656274480 1.037419E-002
3586.52601104666 1.040156E-002
3586.63220714664 1.042900E-002
3586.74554877176 1.046114E-002
3586.86642893536 1.049421E-002
3586.99522643847 1.053341E-002
3587.13229397089 1.057511E-002
3587.27794376437 1.062273E-002
3587.43243101763 1.067636E-002
3587.59593569515 1.073566E-002
3587.76854378328 1.080258E-002
3587.95022961425 1.087879E-002
3588.14084133784 1.096340E-002
3588.34009188441 1.108266E-002
3588.54755765993 1.121119E-002
3588.76268662529 1.134457E-002
3588.98481632381 1.148209E-002
3589.21320097229 1.162264E-002
3589.44704519895 1.176456E-002
3589.68554074229 1.190571E-002
3589.92790171534 1.204392E-002
3590.17339405782 1.217868E-002
3590.42135556208 1.230384E-002
3590.67120430796 1.241777E-002
3590.92243542446 1.251718E-002
3591.17460877102 1.259815E-002
3591.42733317065 1.265560E-002
3591.68025543983 1.319251E-002
3591.93306304876 1.371371E-002
3592.18550599300 1.420466E-002
3592.43743607528 1.465347E-002
3592.68885321559 1.504914E-002
3592.93994383541 1.538515E-002
3593.19109915712 1.565181E-002
3593.44290960746 1.584458E-002
3593.69613998925 1.596249E-002
3593.95169438066 1.600959E-002
3594.21057931516 1.598564E-002
3594.73515561687 1.575307E-002
3595.29247619349 1.531750E-002
3595.89298377629 1.474196E-002
3596.54652375225 1.409543E-002
3597.26082875489 1.344536E-002
3598.03792887417 1.285188E-002
3598.86675224892 1.236322E-002
3599.71447430777 1.198366E-002
3600.53305090678 1.166722E-002
3601.28818651594 1.132473E-002
3601.97596589535 1.087375E-002
3602.61076333589 1.026336E-002
3603.20893389727 9.496239E-003
3603.78163726592 8.619875E-003
3604.33432633357 7.705459E-003
3604.86981044700 6.823379E-003
3605.39201378835 6.701994E-003
3605.90801224581 6.676136E-003
3606.42840599823 6.693206E-003
3606.96746866073 6.732824E-003
3607.54400096634 6.767303E-003
3608.18296574490 6.814911E-003
3608.91681001949 6.905947E-003
3609.78242601378 7.101663E-003
3610.81122633238 7.497695E-003
3612.05866942529 8.208581E-003
3613.50033564004 9.127027E-003
3614.56305699385 9.646542E-003
3615.28591032781 9.849132E-003
3615.91188334668 9.873850E-003
3616.50022357513 9.722869E-003
3617.08243643764 9.387408E-003
3617.68209033401 8.862990E-003
3618.32121682870 8.177394E-003
3619.02204972281 7.385986E-003
3619.80810934439 6.570884E-003
3620.71804409041 5.796128E-003
3621.91725473493 5.204283E-003
3623.33172807910 4.761862E-003
3627.15991783033 4.481470E-003
3627.28194553825 4.454745E-003
3627.41520792127 4.423633E-003
3627.68055863774 4.354811E-003
3627.94898411963 4.278935E-003
3628.21946536412 4.197442E-003
3628.49332479989 4.111861E-003
3628.77197905066 4.023305E-003
3629.05702824867 3.932403E-003
3629.35045234060 3.839246E-003
3629.65489880986 3.879109E-003
3629.97411062506 3.946429E-003
3630.31354718342 4.002533E-003
3630.68112654254 4.039967E-003
3631.08717728942 4.048931E-003
3631.53921645861 4.013777E-003
3632.02427859135 3.924784E-003
3632.50120127475 3.794083E-003
3632.93597406416 3.647376E-003
3633.32327222348 3.503138E-003
3633.67105691150 3.368117E-003
3633.98809953000 3.242949E-003
3634.28136449010 3.127737E-003
3634.55627411379 3.021587E-003
3634.81727679493 3.026530E-003
3635.31611491733 3.032642E-003
3635.82452412471 3.011748E-003
3636.34467246794 3.050981E-003
3636.91397633183 3.082360E-003
3637.58477744274 3.113935E-003
3638.41550916519 3.158529E-003
3639.42203251907 3.218792E-003
3640.50736708917 3.235330E-003
3641.58148810233 3.135737E-003
3642.64215431214 2.926474E-003
3643.64443051904 2.731790E-003
3644.49616469251 2.649494E-003
3645.19339599129 2.704982E-003
3645.78990085498 2.713656E-003
3646.32760614317 2.699888E-003
3646.83276794536 2.654860E-003
3647.32378613164 2.583633E-003
3647.81625493040 2.488236E-003
3648.32658532962 2.372381E-003
3648.87658683937 2.266813E-003
3649.50357366932 2.204538E-003
3650.28724960555 2.171200E-003
3651.28804147706 2.207595E-003
3652.20413878235 2.253952E-003
3652.92270772206 2.256526E-003
3653.55614900408 2.229197E-003
3654.15417420219 2.184749E-003
3654.73192096402 2.133595E-003
3655.29123694014 2.082864E-003
3655.82839393338 2.036703E-003
3656.33892419496 1.998117E-003
3656.82061134732 1.966926E-003
3657.27433796143 1.942759E-003
3657.70341169183 1.924840E-003
3658.11245804938 1.912444E-003
3658.50653687777 1.905117E-003
3658.89059399439 1.902750E-003
3659.26911130869 1.905575E-003
3659.64579040064 1.914120E-003
3660.02316991496 1.929102E-003
3660.40221122188 1.951255E-003
3660.78208034618 1.981090E-003
3661.16045633203 2.018678E-003
3661.53444932082 2.063537E-003
3661.90170749511 2.114689E-003
3662.26111661033 2.170805E-003
3662.61287908744 2.231286E-003
3662.95819231733 2.294096E-003
3663.29882744210 2.358527E-003
3663.63676996524 2.423004E-003
3663.97395734071 2.485791E-003
3664.31210475889 2.545382E-003
3664.65261826990 2.599325E-003
3664.99661370479 2.644722E-003
3665.34506214892 2.678442E-003
3665.69905714119 2.697165E-003
3666.06016120365 2.696503E-003
3666.43077430631 2.672768E-003
3666.81449501659 2.622545E-003
3667.21650282687 2.542894E-003
3667.64405007512 2.432535E-003
3668.10720204649 2.292129E-003
3668.61999614979 2.124631E-003
3669.20208125581 2.055136E-003
3669.87983434413 2.074624E-003
3670.68047175632 2.093916E-003
3671.60239634461 2.119605E-003
3672.59256264885 2.139356E-003
3673.65657880846 2.107910E-003
3675.18522395163 1.875420E-003
3676.87219593026 1.999581E-003
3678.20620138358 1.940952E-003
3679.99784580941 1.835732E-003
3682.27418739373 1.853503E-003
3683.94786935489 2.004896E-003
3685.01112420735 2.112146E-003
3685.91446664222 2.144783E-003
3686.78772179611 2.085162E-003
3687.73047234128 1.926486E-003
3688.81613118807 1.837085E-003
3689.92507072485 1.728644E-003
3690.84348104593 1.616319E-003
3691.57480843558 1.599735E-003
3692.19620047592 1.646415E-003
3692.75410780351 1.679310E-003
3693.27384385708 1.696987E-003
3693.76913800628 1.745144E-003
3694.24634109339 1.775332E-003
3694.70703232713 1.787080E-003
3695.15053064473 1.855999E-003
3695.57618388125 1.928521E-003
3695.98468936665 1.984347E-003
3696.37826756358 2.020565E-003
3696.76020146956 2.035548E-003
3697.13429614554 2.029315E-003
3697.50450173237 2.001657E-003
3697.87471228381 1.954266E-003
3698.24867719655 1.889109E-003
3698.62996103685 1.809109E-003
3699.02190018298 1.717059E-003
3699.42751095652 1.616281E-003
3699.84930644071 1.528581E-003
3700.28899161965 1.465699E-003
3700.74703792584 1.403382E-003
3701.22216939405 1.342757E-003
3701.71083158288 1.285617E-003
3702.20696175662 1.232946E-003
3702.70283151730 1.185807E-003
3703.19122893245 1.144705E-003
3703.66743904849 1.117464E-003
3704.12933689567 1.143444E-003
3704.57616096410 1.172833E-003
3705.00758050531 1.204620E-003
3705.42362549004 1.237444E-003
3705.82502066243 1.269660E-003
3706.21339449210 1.299425E-003
3706.59122750736 1.324787E-003
3706.96167096812 1.344441E-003
3707.32838377419 1.356309E-003
3707.69545512794 1.359066E-003
3708.06742082327 1.351666E-003
3708.44936276475 1.332995E-003
3708.84709062637 1.302611E-003
3709.26743942948 1.260556E-003
3709.71881283245 1.207516E-003
3710.21239101980 1.158227E-003
3710.76536097320 1.127450E-003
3711.41111267805 1.143401E-003
3712.24216865527 1.163275E-003
3714.28102166139 1.185589E-003
3717.78580755927 1.079368E-003
3717.86658237897 1.078972E-003
3717.96039897834 1.077863E-003
3718.05273266144 1.076383E-003
3718.14375084060 1.074414E-003
3718.23354070088 1.071982E-003
3718.32218273018 1.069228E-003
3718.40975139368 1.065900E-003
3718.49631598059 1.062429E-003
3718.58194131573 1.058404E-003
3718.66668836031 1.054127E-003
3718.75061472060 1.049483E-003
3718.83377507910 1.044423E-003
3718.91622156028 1.039212E-003
3718.99800404092 1.033536E-003
3719.07917041263 1.027672E-003
3719.15976680343 1.021507E-003
3719.23983776343 1.014937E-003
3719.31942641896 1.008323E-003
3719.39857459837 1.001320E-003
3719.47732293218 9.940452E-004
3719.55571092936 9.866579E-004
3719.63377703094 9.789269E-004
3719.71155864160 9.766730E-004
3719.78909213928 9.749419E-004
3719.86641286229 9.728350E-004
3720.02044170021 9.677314E-004
3720.17475723444 9.613641E-004
3720.48120090319 9.454205E-004
3720.79284110175 9.256562E-004
3721.10744326581 9.186620E-004
3721.42379504483 9.072414E-004
3721.73844830214 9.135520E-004
3722.04573365690 9.361604E-004
3722.33923912405 9.580169E-004
3722.61410032485 9.788555E-004
3722.86850707891 9.983468E-004
3723.10356713726 1.016243E-003
3723.32206781438 1.032540E-003
3723.52723024449 1.047287E-003
3723.72200831934 1.060601E-003
3723.90885613435 1.072534E-003
3724.08972791864 1.082973E-003
3724.26615535678 1.091871E-003
3724.43933484404 1.099159E-003
3724.61020254351 1.104837E-003
3724.77949304014 1.108925E-003
3724.94778324783 1.111153E-003
3725.11552458464 1.111429E-003
3725.28306632877 1.109968E-003
3725.45067260387 1.106495E-003
3725.61853497162 1.100890E-003
3725.78678221526 1.093539E-003
3725.95548857371 1.084024E-003
3726.12468140148 1.072574E-003
3726.29434895683 1.059203E-003
3726.46444874579 1.043821E-003
3726.63491657493 1.026735E-003
3726.80567621061 1.007639E-003
3726.97664933664 9.870290E-004
3727.14776537216 9.645118E-004
3727.31897067535 9.405243E-004
3727.49023671360 9.148008E-004
3727.66156690705 9.040611E-004
3727.83300201649 9.070934E-004
3728.00462411352 9.080281E-004
3728.17655930985 9.072056E-004
3728.34897951622 9.041931E-004
3728.52210354116 9.014884E-004
3728.69619782685 9.100949E-004
3728.87157705484 9.168263E-004
3729.22488915161 9.248524E-004
3729.95267271161 9.181459E-004
3730.79291876683 8.802117E-004
3731.77934298292 8.163095E-004
3732.81384946066 7.471887E-004
3733.75243527169 7.153501E-004
3734.56980095274 7.359297E-004
3735.28951146680 7.614760E-004
3735.93949981638 7.848310E-004
3736.54552815470 8.010906E-004
3737.13136784403 8.077323E-004
3737.72423030010 8.043855E-004
3738.37511585901 7.912556E-004
3739.27717660145 7.649381E-004
3740.09482698720 7.956322E-004
3740.61063065927 8.196700E-004
3740.94935932792 8.362291E-004
3741.22477002369 8.500529E-004
3741.46704135706 8.627204E-004
3741.68941765044 8.745148E-004
3741.89977871637 8.859742E-004
3742.10352773563 8.973441E-004
3742.30470557423 9.087511E-004
3742.50652070879 9.206129E-004
3742.71163254871 9.328301E-004
3742.92231360559 9.457792E-004
3743.14054564572 9.595778E-004
3743.36807843609 9.742894E-004
3743.60646938368 9.901005E-004
3743.85711873838 1.007179E-003
3744.12131389856 1.025652E-003
3744.40029520041 1.045577E-003
3744.69535258413 1.066888E-003
3745.00795674757 1.095999E-003
3745.33992019045 1.133238E-003
3745.69357519830 1.173960E-003
3746.07195289612 1.218111E-003
3746.47896300560 1.264084E-003
3746.91963579673 1.309198E-003
3747.40064055404 1.348169E-003
3747.93157016356 1.373280E-003
3748.52783561598 1.372993E-003
3749.21633425722 1.333996E-003
3749.24771480936 1.331358E-003
